n=16
K=[                0.0                   0.25     0.0883883476483185     0.0883883476483185                0.03125                0.03125                0.03125                0.03125     0.0110485434560398     0.0110485434560398     0.0110485434560398     0.0110485434560398     0.0110485434560398     0.0110485434560398     0.0110485434560398     0.0110485434560398]
[              -0.25                    0.0                    0.0                    0.0  -1.38777878078145e-17                    0.0                    0.0   1.38777878078145e-17                    0.0   1.38777878078145e-17   1.38777878078145e-17   1.38777878078145e-17  -1.38777878078145e-17  -1.38777878078145e-17  -1.38777878078145e-17                    0.0]
[-0.0883883476483185   2.08166817117217e-17                    0.0                    0.0                    0.0                    0.0                    0.0                    0.0                    0.0                    0.0                    0.0                    0.0   3.46944695195361e-18   6.93889390390723e-18  -1.04083408558608e-17  -1.04083408558608e-17]
[-0.0883883476483185  -2.08166817117217e-17                    0.0                    0.0                    0.0                    0.0                    0.0                    0.0   1.04083408558608e-17   1.04083408558608e-17  -6.93889390390723e-18  -3.46944695195361e-18                    0.0                    0.0                    0.0                    0.0]
[           -0.03125   3.46944695195361e-18                    0.0  -3.46944695195361e-18                    0.0                    0.0  -3.46944695195361e-18  -7.80625564189563e-18                    0.0                    0.0  -3.46944695195361e-18                    0.0   5.20417042793042e-18  -2.60208521396521e-18  -5.20417042793042e-18   5.20417042793042e-18]
[           -0.03125   3.46944695195361e-18                    0.0   3.46944695195361e-18                    0.0                    0.0                    0.0  -3.46944695195361e-18                    0.0   3.46944695195361e-18                    0.0                    0.0  -3.46944695195361e-18                    0.0   5.20417042793042e-18  -2.60208521396521e-18]
[           -0.03125  -3.46944695195361e-18  -3.46944695195361e-18                    0.0   3.46944695195361e-18                    0.0                    0.0                    0.0   2.60208521396521e-18  -5.20417042793042e-18                    0.0   3.46944695195361e-18                    0.0                    0.0  -3.46944695195361e-18                    0.0]
[           -0.03125  -3.46944695195361e-18   3.46944695195361e-18                    0.0   7.80625564189563e-18   3.46944695195361e-18                    0.0                    0.0  -5.20417042793042e-18   5.20417042793042e-18   2.60208521396521e-18  -5.20417042793042e-18                    0.0   3.46944695195361e-18                    0.0                    0.0]
[-0.0110485434560398   1.73472347597681e-18                    0.0  -8.67361737988404e-19                    0.0                    0.0  -1.73472347597681e-18  -3.46944695195361e-18                    0.0                    0.0                    0.0  -2.60208521396521e-18                    0.0   2.60208521396521e-18                    0.0   4.98732999343332e-18]
[-0.0110485434560398   1.73472347597681e-18                    0.0                    0.0                    0.0  -4.33680868994202e-19   1.73472347597681e-18   1.73472347597681e-18                    0.0                    0.0                    0.0                    0.0  -2.60208521396521e-18                    0.0   2.60208521396521e-18                    0.0]
[-0.0110485434560398   1.73472347597681e-18                    0.0   8.67361737988404e-19   4.33680868994202e-19                    0.0                    0.0  -1.73472347597681e-18                    0.0                    0.0                    0.0                    0.0                    0.0  -2.60208521396521e-18                    0.0   2.60208521396521e-18]
[-0.0110485434560398   1.73472347597681e-18                    0.0   8.67361737988404e-19                    0.0                    0.0  -4.33680868994202e-19   1.73472347597681e-18   2.60208521396521e-18                    0.0                    0.0                    0.0                    0.0                    0.0  -2.60208521396521e-18                    0.0]
[-0.0110485434560398  -1.73472347597681e-18  -8.67361737988404e-19                    0.0  -1.73472347597681e-18   4.33680868994202e-19                    0.0                    0.0                    0.0   2.60208521396521e-18                    0.0                    0.0                    0.0                    0.0                    0.0  -2.60208521396521e-18]
[-0.0110485434560398  -1.73472347597681e-18  -8.67361737988404e-19                    0.0   1.73472347597681e-18                    0.0                    0.0  -4.33680868994202e-19  -2.60208521396521e-18                    0.0   2.60208521396521e-18                    0.0                    0.0                    0.0                    0.0                    0.0]
[-0.0110485434560398  -1.73472347597681e-18                    0.0                    0.0  -1.73472347597681e-18  -1.73472347597681e-18   4.33680868994202e-19                    0.0                    0.0  -2.60208521396521e-18                    0.0   2.60208521396521e-18                    0.0                    0.0                    0.0                    0.0]
[-0.0110485434560398  -1.73472347597681e-18   8.67361737988404e-19                    0.0   3.46944695195361e-18   1.73472347597681e-18                    0.0                    0.0  -4.98732999343332e-18                    0.0  -2.60208521396521e-18                    0.0   2.60208521396521e-18                    0.0                    0.0                    0.0]
E=[1.0]
[0.0]
[0.0]
[0.0]
[0.0]
[0.0]
[0.0]
[0.0]
[0.0]
[0.0]
[0.0]
[0.0]
[0.0]
[0.0]
[0.0]
[0.0]
B1=[0.0]
[0.0]
[0.0]
[0.0]
[0.0]
[0.0]
[0.0]
[0.0]
[0.0]
[0.0]
[0.0]
[0.0]
[0.0]
[0.0]
[0.0]
[0.0]
B2=[1.0]
[0.0]
[0.0]
[0.0]
[0.0]
[0.0]
[0.0]
[0.0]
[0.0]
[0.0]
[0.0]
[0.0]
[0.0]
[0.0]
[0.0]
[0.0]
B3=[                1.0]
[              -0.25]
[-0.0883883476483185]
[-0.0883883476483185]
[           -0.03125]
[           -0.03125]
[           -0.03125]
[           -0.03125]
[-0.0110485434560398]
[-0.0110485434560398]
[-0.0110485434560398]
[-0.0110485434560398]
[-0.0110485434560398]
[-0.0110485434560398]
[-0.0110485434560398]
[-0.0110485434560398]
B4=[       0.9169921875]
[              -0.25]
[-0.0883883476483185]
[-0.0883883476483185]
[           -0.03125]
[           -0.03125]
[           -0.03125]
[           -0.03125]
[-0.0110485434560398]
[-0.0110485434560398]
[-0.0110485434560398]
[-0.0110485434560398]
[-0.0110485434560398]
[-0.0110485434560398]
[-0.0110485434560398]
[-0.0110485434560398]
B5=[       0.9169921875]
[    -0.229248046875]
[-0.0810514242595421]
[-0.0810514242595421]
[ -0.028656005859375]
[ -0.028656005859375]
[ -0.028656005859375]
[ -0.028656005859375]
[-0.0101314280324428]
[-0.0101314280324428]
[-0.0101314280324428]
[-0.0101314280324428]
[-0.0101314280324428]
[-0.0101314280324428]
[-0.0101314280324428]
[-0.0101314280324428]
B6=[  0.923882484436035]
[    -0.229248046875]
[-0.0810514242595421]
[-0.0810514242595421]
[ -0.028656005859375]
[ -0.028656005859375]
[ -0.028656005859375]
[ -0.028656005859375]
[-0.0101314280324428]
[-0.0101314280324428]
[-0.0101314280324428]
[-0.0101314280324428]
[-0.0101314280324428]
[-0.0101314280324428]
[-0.0101314280324428]
[-0.0101314280324428]
B7=[  0.923882484436035]
[ -0.230970621109009]
[-0.0816604462205245]
[-0.0816604462205245]
[-0.0288713276386261]
[-0.0288713276386261]
[-0.0288713276386261]
[-0.0288713276386261]
[-0.0102075557775656]
[-0.0102075557775656]
[-0.0102075557775656]
[-0.0102075557775656]
[-0.0102075557775656]
[-0.0102075557775656]
[-0.0102075557775656]
[-0.0102075557775656]
B8=[    0.9233105359599]
[ -0.230970621109009]
[-0.0816604462205245]
[-0.0816604462205245]
[-0.0288713276386261]
[-0.0288713276386261]
[-0.0288713276386261]
[-0.0288713276386261]
[-0.0102075557775656]
[-0.0102075557775656]
[-0.0102075557775656]
[-0.0102075557775656]
[-0.0102075557775656]
[-0.0102075557775656]
[-0.0102075557775656]
[-0.0102075557775656]
B9=[    0.9233105359599]
[ -0.230827633989975]
[-0.0816098926397789]
[-0.0816098926397789]
[-0.0288534542487469]
[-0.0288534542487469]
[-0.0288534542487469]
[-0.0288534542487469]
[-0.0102012365799724]
[-0.0102012365799724]
[-0.0102012365799724]
[-0.0102012365799724]
[-0.0102012365799724]
[-0.0102012365799724]
[-0.0102012365799724]
[-0.0102012365799724]
B10=[  0.923358012151766]
[ -0.230827633989975]
[-0.0816098926397789]
[-0.0816098926397789]
[-0.0288534542487469]
[-0.0288534542487469]
[-0.0288534542487469]
[-0.0288534542487469]
[-0.0102012365799724]
[-0.0102012365799724]
[-0.0102012365799724]
[-0.0102012365799724]
[-0.0102012365799724]
[-0.0102012365799724]
[-0.0102012365799724]
[-0.0102012365799724]
B11=[  0.923358012151766]
[ -0.230839503037942]
[-0.0816140889819306]
[-0.0816140889819306]
[-0.0288549378797427]
[-0.0288549378797427]
[-0.0288549378797427]
[-0.0288549378797427]
[-0.0102017611227413]
[-0.0102017611227413]
[-0.0102017611227413]
[-0.0102017611227413]
[-0.0102017611227413]
[-0.0102017611227413]
[-0.0102017611227413]
[-0.0102017611227413]
B12=[  0.923354071256934]
[ -0.230839503037942]
[-0.0816140889819306]
[-0.0816140889819306]
[-0.0288549378797427]
[-0.0288549378797427]
[-0.0288549378797427]
[-0.0288549378797427]
[-0.0102017611227413]
[-0.0102017611227413]
[-0.0102017611227413]
[-0.0102017611227413]
[-0.0102017611227413]
[-0.0102017611227413]
[-0.0102017611227413]
[-0.0102017611227413]
B13=[  0.923354071256934]
[ -0.230838517814234]
[-0.0816137406527481]
[-0.0816137406527481]
[-0.0288548147267792]
[-0.0288548147267792]
[-0.0288548147267792]
[-0.0288548147267792]
[-0.0102017175815935]
[-0.0102017175815935]
[-0.0102017175815935]
[-0.0102017175815935]
[-0.0102017175815935]
[-0.0102017175815935]
[-0.0102017175815935]
[-0.0102017175815935]
B14=[  0.923354398381993]
[ -0.230838517814234]
[-0.0816137406527481]
[-0.0816137406527481]
[-0.0288548147267792]
[-0.0288548147267792]
[-0.0288548147267792]
[-0.0288548147267792]
[-0.0102017175815935]
[-0.0102017175815935]
[-0.0102017175815935]
[-0.0102017175815935]
[-0.0102017175815935]
[-0.0102017175815935]
[-0.0102017175815935]
[-0.0102017175815935]
B15=[  0.923354398381993]
[ -0.230838599595498]
[-0.0816137695667916]
[-0.0816137695667916]
[-0.0288548249494373]
[-0.0288548249494373]
[-0.0288548249494373]
[-0.0288548249494373]
[-0.0102017211958489]
[-0.0102017211958489]
[-0.0102017211958489]
[-0.0102017211958489]
[-0.0102017211958489]
[-0.0102017211958489]
[-0.0102017211958489]
[-0.0102017211958489]
B16=[  0.923354371228057]
[ -0.230838599595498]
[-0.0816137695667916]
[-0.0816137695667916]
[-0.0288548249494373]
[-0.0288548249494373]
[-0.0288548249494373]
[-0.0288548249494373]
[-0.0102017211958489]
[-0.0102017211958489]
[-0.0102017211958489]
[-0.0102017211958489]
[-0.0102017211958489]
[-0.0102017211958489]
[-0.0102017211958489]
[-0.0102017211958489]
B17=[  0.923354371228057]
[ -0.230838592807014]
[-0.0816137671667001]
[   -0.0816137671667]
[-0.0288548241008768]
[-0.0288548241008768]
[-0.0288548241008768]
[-0.0288548241008768]
[-0.0102017208958375]
[-0.0102017208958375]
[-0.0102017208958375]
[-0.0102017208958375]
[-0.0102017208958375]
[-0.0102017208958375]
[-0.0102017208958375]
[-0.0102017208958375]
B18=[  0.923354373482046]
[ -0.230838592807014]
[-0.0816137671667001]
[   -0.0816137671667]
[-0.0288548241008768]
[-0.0288548241008768]
[-0.0288548241008768]
[-0.0288548241008768]
[-0.0102017208958375]
[-0.0102017208958375]
[-0.0102017208958375]
[-0.0102017208958375]
[-0.0102017208958375]
[-0.0102017208958375]
[-0.0102017208958375]
[-0.0102017208958375]
B19=[  0.923354373482046]
[ -0.230838593370512]
[-0.0816137673659264]
[-0.0816137673659264]
[ -0.028854824171314]
[ -0.028854824171314]
[ -0.028854824171314]
[ -0.028854824171314]
[-0.0102017209207408]
[-0.0102017209207408]
[-0.0102017209207408]
[-0.0102017209207408]
[-0.0102017209207408]
[-0.0102017209207408]
[-0.0102017209207408]
[-0.0102017209207408]
B20=[  0.923354373294947]
[ -0.230838593370512]
[-0.0816137673659264]
[-0.0816137673659264]
[ -0.028854824171314]
[ -0.028854824171314]
[ -0.028854824171314]
[ -0.028854824171314]
[-0.0102017209207408]
[-0.0102017209207408]
[-0.0102017209207408]
[-0.0102017209207408]
[-0.0102017209207408]
[-0.0102017209207408]
[-0.0102017209207408]
[-0.0102017209207408]
B21=[  0.923354373294947]
[ -0.230838593323737]
[-0.0816137673493891]
[ -0.081613767349389]
[-0.0288548241654671]
[-0.0288548241654671]
[-0.0288548241654671]
[-0.0288548241654671]
[-0.0102017209186736]
[-0.0102017209186736]
[-0.0102017209186736]
[-0.0102017209186736]
[-0.0102017209186736]
[-0.0102017209186736]
[-0.0102017209186736]
[-0.0102017209186736]
B22=[  0.923354373310478]
[ -0.230838593323737]
[-0.0816137673493891]
[ -0.081613767349389]
[-0.0288548241654671]
[-0.0288548241654671]
[-0.0288548241654671]
[-0.0288548241654671]
[-0.0102017209186736]
[-0.0102017209186736]
[-0.0102017209186736]
[-0.0102017209186736]
[-0.0102017209186736]
[-0.0102017209186736]
[-0.0102017209186736]
[-0.0102017209186736]
B23=[  0.923354373310478]
[  -0.23083859332762]
[-0.0816137673507618]
[-0.0816137673507618]
[-0.0288548241659525]
[-0.0288548241659525]
[-0.0288548241659525]
[-0.0288548241659525]
[-0.0102017209188452]
[-0.0102017209188452]
[-0.0102017209188452]
[-0.0102017209188452]
[-0.0102017209188452]
[-0.0102017209188452]
[-0.0102017209188452]
[-0.0102017209188452]
B24=[  0.923354373309189]
[  -0.23083859332762]
[-0.0816137673507618]
[-0.0816137673507618]
[-0.0288548241659525]
[-0.0288548241659525]
[-0.0288548241659525]
[-0.0288548241659525]
[-0.0102017209188452]
[-0.0102017209188452]
[-0.0102017209188452]
[-0.0102017209188452]
[-0.0102017209188452]
[-0.0102017209188452]
[-0.0102017209188452]
[-0.0102017209188452]
B25=[  0.923354373309189]
[ -0.230838593327297]
[-0.0816137673506478]
[-0.0816137673506478]
[-0.0288548241659122]
[-0.0288548241659122]
[-0.0288548241659122]
[-0.0288548241659122]
[ -0.010201720918831]
[ -0.010201720918831]
[ -0.010201720918831]
[ -0.010201720918831]
[ -0.010201720918831]
[ -0.010201720918831]
[ -0.010201720918831]
[ -0.010201720918831]
B26=[  0.923354373309296]
[ -0.230838593327297]
[-0.0816137673506478]
[-0.0816137673506478]
[-0.0288548241659122]
[-0.0288548241659122]
[-0.0288548241659122]
[-0.0288548241659122]
[ -0.010201720918831]
[ -0.010201720918831]
[ -0.010201720918831]
[ -0.010201720918831]
[ -0.010201720918831]
[ -0.010201720918831]
[ -0.010201720918831]
[ -0.010201720918831]
B27=[  0.923354373309296]
[ -0.230838593327324]
[-0.0816137673506573]
[-0.0816137673506573]
[-0.0288548241659155]
[-0.0288548241659155]
[-0.0288548241659155]
[-0.0288548241659155]
[-0.0102017209188322]
[-0.0102017209188322]
[-0.0102017209188322]
[-0.0102017209188322]
[-0.0102017209188322]
[-0.0102017209188322]
[-0.0102017209188322]
[-0.0102017209188322]
B28=[  0.923354373309287]
[ -0.230838593327324]
[-0.0816137673506573]
[-0.0816137673506573]
[-0.0288548241659155]
[-0.0288548241659155]
[-0.0288548241659155]
[-0.0288548241659155]
[-0.0102017209188322]
[-0.0102017209188322]
[-0.0102017209188322]
[-0.0102017209188322]
[-0.0102017209188322]
[-0.0102017209188322]
[-0.0102017209188322]
[-0.0102017209188322]
B29=[  0.923354373309287]
[ -0.230838593327322]
[-0.0816137673506565]
[-0.0816137673506565]
[-0.0288548241659152]
[-0.0288548241659152]
[-0.0288548241659152]
[-0.0288548241659152]
[-0.0102017209188321]
[-0.0102017209188321]
[-0.0102017209188321]
[-0.0102017209188321]
[-0.0102017209188321]
[-0.0102017209188321]
[-0.0102017209188321]
[-0.0102017209188321]
B30=[  0.923354373309288]
[ -0.230838593327322]
[-0.0816137673506565]
[-0.0816137673506565]
[-0.0288548241659152]
[-0.0288548241659152]
[-0.0288548241659152]
[-0.0288548241659152]
[-0.0102017209188321]
[-0.0102017209188321]
[-0.0102017209188321]
[-0.0102017209188321]
[-0.0102017209188321]
[-0.0102017209188321]
[-0.0102017209188321]
[-0.0102017209188321]
B31=[  0.923354373309288]
[ -0.230838593327322]
[-0.0816137673506566]
[-0.0816137673506566]
[-0.0288548241659153]
[-0.0288548241659153]
[-0.0288548241659153]
[-0.0288548241659153]
[-0.0102017209188321]
[-0.0102017209188321]
[-0.0102017209188321]
[-0.0102017209188321]
[-0.0102017209188321]
[-0.0102017209188321]
[-0.0102017209188321]
[-0.0102017209188321]
B32=[  0.923354373309288]
[ -0.230838593327322]
[-0.0816137673506566]
[-0.0816137673506566]
[-0.0288548241659153]
[-0.0288548241659153]
[-0.0288548241659153]
[-0.0288548241659153]
[-0.0102017209188321]
[-0.0102017209188321]
[-0.0102017209188321]
[-0.0102017209188321]
[-0.0102017209188321]
[-0.0102017209188321]
[-0.0102017209188321]
[-0.0102017209188321]
B33=[  0.923354373309288]
[ -0.230838593327322]
[-0.0816137673506566]
[-0.0816137673506566]
[-0.0288548241659153]
[-0.0288548241659153]
[-0.0288548241659153]
[-0.0288548241659153]
[-0.0102017209188321]
[-0.0102017209188321]
[-0.0102017209188321]
[-0.0102017209188321]
[-0.0102017209188321]
[-0.0102017209188321]
[-0.0102017209188321]
[-0.0102017209188321]



B34=[   3.69341749323715]
[ -0.923354373309288]
[ -0.326455069402626]
[ -0.326455069402626]
[ -0.115419296663661]
[ -0.115419296663661]
[ -0.115419296663661]
[ -0.115419296663661]
[-0.0408068836753283]
[-0.0408068836753283]
[-0.0408068836753283]
[-0.0408068836753283]
[-0.0408068836753283]
[-0.0408068836753283]
[-0.0408068836753283]
[-0.0408068836753283]