n=4
K=[                0.0  0.25  0.0883883476483185  0.0883883476483185]
[              -0.25   0.0                 0.0                 0.0]
[-0.0883883476483185   0.0                 0.0                 0.0]
[-0.0883883476483185   0.0                 0.0                 0.0]
E=[1.0]
[0.0]
[0.0]
[0.0]
B1=[0.0]
[0.0]
[0.0]
[0.0]
B2=[1.0]
[0.0]
[0.0]
[0.0]
B3=[                1.0]
[              -0.25]
[-0.0883883476483185]
[-0.0883883476483185]
B4=[           0.921875]
[              -0.25]
[-0.0883883476483185]
[-0.0883883476483185]
B5=[           0.921875]
[        -0.23046875]
[-0.0814830079882936]
[-0.0814830079882936]
B6=[     0.927978515625]
[        -0.23046875]
[-0.0814830079882936]
[-0.0814830079882936]
B7=[    0.927978515625]
[ -0.23199462890625]
[-0.082022487649233]
[-0.082022487649233]
B8=[ 0.927501678466797]
[ -0.23199462890625]
[-0.082022487649233]
[-0.082022487649233]
B9=[  0.927501678466797]
[ -0.231875419616699]
[-0.0819803408007222]
[-0.0819803408007222]
B10=[  0.927538931369782]
[ -0.231875419616699]
[-0.0819803408007222]
[-0.0819803408007222]
B11=[  0.927538931369782]
[ -0.231884732842445]
[-0.0819836335232621]
[-0.0819836335232621]
B12=[  0.927536020986736]
[ -0.231884732842445]
[-0.0819836335232621]
[-0.0819836335232621]
B13=[  0.927536020986736]
[ -0.231884005246684]
[-0.0819833762793136]
[-0.0819833762793136]
B14=[  0.927536248360411]
[ -0.231884005246684]
[-0.0819833762793136]
[-0.0819833762793136]
B15=[  0.927536248360411]
[ -0.231884062090103]
[-0.0819833963764971]
[-0.0819833963764971]
B16=[  0.927536230596843]
[ -0.231884062090103]
[-0.0819833963764971]
[-0.0819833963764971]
B17=[  0.927536230596843]
[ -0.231884057649211]
[-0.0819833948064046]
[-0.0819833948064046]
B18=[  0.927536231984622]
[ -0.231884057649211]
[-0.0819833948064046]
[-0.0819833948064046]
B19=[  0.927536231984622]
[ -0.231884057996156]
[-0.0819833949290681]
[-0.0819833949290681]
B20=[  0.927536231876202]
[ -0.231884057996156]
[-0.0819833949290681]
[-0.0819833949290681]
B21=[ 0.927536231876202]
[ -0.23188405796905]
[-0.081983394919485]
[-0.081983394919485]
B22=[ 0.927536231884672]
[ -0.23188405796905]
[-0.081983394919485]
[-0.081983394919485]
B23=[  0.927536231884672]
[ -0.231884057971168]
[-0.0819833949202337]
[-0.0819833949202337]
B24=[   0.92753623188401]
[ -0.231884057971168]
[-0.0819833949202337]
[-0.0819833949202337]
B25=[   0.92753623188401]
[ -0.231884057971003]
[-0.0819833949201752]
[-0.0819833949201752]
B26=[  0.927536231884062]
[ -0.231884057971003]
[-0.0819833949201752]
[-0.0819833949201752]
B27=[  0.927536231884062]
[ -0.231884057971016]
[-0.0819833949201798]
[-0.0819833949201798]
B28=[  0.927536231884058]
[ -0.231884057971016]
[-0.0819833949201798]
[-0.0819833949201798]
B29=[  0.927536231884058]
[ -0.231884057971015]
[-0.0819833949201794]
[-0.0819833949201794]
B30=[  0.927536231884058]
[ -0.231884057971015]
[-0.0819833949201794]
[-0.0819833949201794]
B31=[  0.927536231884058]
[ -0.231884057971015]
[-0.0819833949201795]
[-0.0819833949201795]
B32=[  0.927536231884058]
[ -0.231884057971015]
[-0.0819833949201795]
[-0.0819833949201795]
B33=[  0.927536231884058]
[ -0.231884057971015]
[-0.0819833949201794]
[-0.0819833949201794]



B34=[  1.85507246376812]
[-0.463768115942029]
[-0.163966789840359]
[-0.163966789840359]