num=0.000325520833333333
den=0.333333333333333
K_error[1.27156575520833e-6  1.27156575520833e-6  1.27156575520833e-6  1.27156575520833e-6  1.27156575520833e-6  1.27156575520833e-6  1.27156575520833e-6  1.27156575520833e-6  1.27156575520833e-6  1.27156575520833e-6  1.27156575520833e-6  1.27156575520833e-6  1.27156575520833e-6  1.27156575520833e-6  1.27156575520833e-6  1.27156575520833e-6]
[1.27156575520833e-6  1.27156575520833e-6  1.27156575520833e-6  1.27156575520833e-6  1.27156575520833e-6  1.27156575520833e-6  1.27156575520833e-6  1.27156575520833e-6  1.27156575520833e-6  1.27156575520833e-6  1.27156575520833e-6  1.27156575520833e-6  1.27156575520833e-6  1.27156575520833e-6  1.27156575520833e-6  1.27156575520833e-6]
[1.27156575520833e-6  1.27156575520833e-6  1.27156575520833e-6  1.27156575520833e-6  1.27156575520833e-6  1.27156575520833e-6  1.27156575520833e-6  1.27156575520833e-6  1.27156575520833e-6  1.27156575520833e-6  1.27156575520833e-6  1.27156575520833e-6  1.27156575520833e-6  1.27156575520833e-6  1.27156575520833e-6  1.27156575520833e-6]
[1.27156575520833e-6  1.27156575520833e-6  1.27156575520833e-6  1.27156575520833e-6  1.27156575520833e-6  1.27156575520833e-6  1.27156575520833e-6  1.27156575520833e-6  1.27156575520833e-6  1.27156575520833e-6  1.27156575520833e-6  1.27156575520833e-6  1.27156575520833e-6  1.27156575520833e-6  1.27156575520833e-6  1.27156575520833e-6]
[1.27156575520833e-6  1.27156575520833e-6  1.27156575520833e-6  1.27156575520833e-6  1.27156575520833e-6  1.27156575520833e-6  1.27156575520833e-6  1.27156575520833e-6  1.27156575520833e-6  1.27156575520833e-6  1.27156575520833e-6  1.27156575520833e-6  1.27156575520833e-6  1.27156575520833e-6  1.27156575520833e-6  1.27156575520833e-6]
[1.27156575520833e-6  1.27156575520833e-6  1.27156575520833e-6  1.27156575520833e-6  1.27156575520833e-6  1.27156575520833e-6  1.27156575520833e-6  1.27156575520833e-6  1.27156575520833e-6  1.27156575520833e-6  1.27156575520833e-6  1.27156575520833e-6  1.27156575520833e-6  1.27156575520833e-6  1.27156575520833e-6  1.27156575520833e-6]
[1.27156575520833e-6  1.27156575520833e-6  1.27156575520833e-6  1.27156575520833e-6  1.27156575520833e-6  1.27156575520833e-6  1.27156575520833e-6  1.27156575520833e-6  1.27156575520833e-6  1.27156575520833e-6  1.27156575520833e-6  1.27156575520833e-6  1.27156575520833e-6  1.27156575520833e-6  1.27156575520833e-6  1.27156575520833e-6]
[1.27156575520833e-6  1.27156575520833e-6  1.27156575520833e-6  1.27156575520833e-6  1.27156575520833e-6  1.27156575520833e-6  1.27156575520833e-6  1.27156575520833e-6  1.27156575520833e-6  1.27156575520833e-6  1.27156575520833e-6  1.27156575520833e-6  1.27156575520833e-6  1.27156575520833e-6  1.27156575520833e-6  1.27156575520833e-6]
[1.27156575520833e-6  1.27156575520833e-6  1.27156575520833e-6  1.27156575520833e-6  1.27156575520833e-6  1.27156575520833e-6  1.27156575520833e-6  1.27156575520833e-6  1.27156575520833e-6  1.27156575520833e-6  1.27156575520833e-6  1.27156575520833e-6  1.27156575520833e-6  1.27156575520833e-6  1.27156575520833e-6  1.27156575520833e-6]
[1.27156575520833e-6  1.27156575520833e-6  1.27156575520833e-6  1.27156575520833e-6  1.27156575520833e-6  1.27156575520833e-6  1.27156575520833e-6  1.27156575520833e-6  1.27156575520833e-6  1.27156575520833e-6  1.27156575520833e-6  1.27156575520833e-6  1.27156575520833e-6  1.27156575520833e-6  1.27156575520833e-6  1.27156575520833e-6]
[1.27156575520833e-6  1.27156575520833e-6  1.27156575520833e-6  1.27156575520833e-6  1.27156575520833e-6  1.27156575520833e-6  1.27156575520833e-6  1.27156575520833e-6  1.27156575520833e-6  1.27156575520833e-6  1.27156575520833e-6  1.27156575520833e-6  1.27156575520833e-6  1.27156575520833e-6  1.27156575520833e-6  1.27156575520833e-6]
[1.27156575520833e-6  1.27156575520833e-6  1.27156575520833e-6  1.27156575520833e-6  1.27156575520833e-6  1.27156575520833e-6  1.27156575520833e-6  1.27156575520833e-6  1.27156575520833e-6  1.27156575520833e-6  1.27156575520833e-6  1.27156575520833e-6  1.27156575520833e-6  1.27156575520833e-6  1.27156575520833e-6  1.27156575520833e-6]
[1.27156575520833e-6  1.27156575520833e-6  1.27156575520833e-6  1.27156575520833e-6  1.27156575520833e-6  1.27156575520833e-6  1.27156575520833e-6  1.27156575520833e-6  1.27156575520833e-6  1.27156575520833e-6  1.27156575520833e-6  1.27156575520833e-6  1.27156575520833e-6  1.27156575520833e-6  1.27156575520833e-6  1.27156575520833e-6]
[1.27156575520833e-6  1.27156575520833e-6  1.27156575520833e-6  1.27156575520833e-6  1.27156575520833e-6  1.27156575520833e-6  1.27156575520833e-6  1.27156575520833e-6  1.27156575520833e-6  1.27156575520833e-6  1.27156575520833e-6  1.27156575520833e-6  1.27156575520833e-6  1.27156575520833e-6  1.27156575520833e-6  1.27156575520833e-6]
[1.27156575520833e-6  1.27156575520833e-6  1.27156575520833e-6  1.27156575520833e-6  1.27156575520833e-6  1.27156575520833e-6  1.27156575520833e-6  1.27156575520833e-6  1.27156575520833e-6  1.27156575520833e-6  1.27156575520833e-6  1.27156575520833e-6  1.27156575520833e-6  1.27156575520833e-6  1.27156575520833e-6  1.27156575520833e-6]
[1.27156575520833e-6  1.27156575520833e-6  1.27156575520833e-6  1.27156575520833e-6  1.27156575520833e-6  1.27156575520833e-6  1.27156575520833e-6  1.27156575520833e-6  1.27156575520833e-6  1.27156575520833e-6  1.27156575520833e-6  1.27156575520833e-6  1.27156575520833e-6  1.27156575520833e-6  1.27156575520833e-6  1.27156575520833e-6]
K[0.03125  0.03125  0.03125  0.03125  0.03125  0.03125  0.03125  0.03125  0.03125  0.03125  0.03125  0.03125  0.03125  0.03125  0.03125  0.03125]
[0.09375  0.09375  0.09375  0.09375  0.09375  0.09375  0.09375  0.09375  0.09375  0.09375  0.09375  0.09375  0.09375  0.09375  0.09375  0.09375]
[0.15625  0.15625  0.15625  0.15625  0.15625  0.15625  0.15625  0.15625  0.15625  0.15625  0.15625  0.15625  0.15625  0.15625  0.15625  0.15625]
[0.21875  0.21875  0.21875  0.21875  0.21875  0.21875  0.21875  0.21875  0.21875  0.21875  0.21875  0.21875  0.21875  0.21875  0.21875  0.21875]
[0.28125  0.28125  0.28125  0.28125  0.28125  0.28125  0.28125  0.28125  0.28125  0.28125  0.28125  0.28125  0.28125  0.28125  0.28125  0.28125]
[0.34375  0.34375  0.34375  0.34375  0.34375  0.34375  0.34375  0.34375  0.34375  0.34375  0.34375  0.34375  0.34375  0.34375  0.34375  0.34375]
[0.40625  0.40625  0.40625  0.40625  0.40625  0.40625  0.40625  0.40625  0.40625  0.40625  0.40625  0.40625  0.40625  0.40625  0.40625  0.40625]
[0.46875  0.46875  0.46875  0.46875  0.46875  0.46875  0.46875  0.46875  0.46875  0.46875  0.46875  0.46875  0.46875  0.46875  0.46875  0.46875]
[0.53125  0.53125  0.53125  0.53125  0.53125  0.53125  0.53125  0.53125  0.53125  0.53125  0.53125  0.53125  0.53125  0.53125  0.53125  0.53125]
[0.59375  0.59375  0.59375  0.59375  0.59375  0.59375  0.59375  0.59375  0.59375  0.59375  0.59375  0.59375  0.59375  0.59375  0.59375  0.59375]
[0.65625  0.65625  0.65625  0.65625  0.65625  0.65625  0.65625  0.65625  0.65625  0.65625  0.65625  0.65625  0.65625  0.65625  0.65625  0.65625]
[0.71875  0.71875  0.71875  0.71875  0.71875  0.71875  0.71875  0.71875  0.71875  0.71875  0.71875  0.71875  0.71875  0.71875  0.71875  0.71875]
[0.78125  0.78125  0.78125  0.78125  0.78125  0.78125  0.78125  0.78125  0.78125  0.78125  0.78125  0.78125  0.78125  0.78125  0.78125  0.78125]
[0.84375  0.84375  0.84375  0.84375  0.84375  0.84375  0.84375  0.84375  0.84375  0.84375  0.84375  0.84375  0.84375  0.84375  0.84375  0.84375]
[0.90625  0.90625  0.90625  0.90625  0.90625  0.90625  0.90625  0.90625  0.90625  0.90625  0.90625  0.90625  0.90625  0.90625  0.90625  0.90625]
[0.96875  0.96875  0.96875  0.96875  0.96875  0.96875  0.96875  0.96875  0.96875  0.96875  0.96875  0.96875  0.96875  0.96875  0.96875  0.96875]
relative_error0.000976562499999998
relative_error_%0.0976562499999998 % 
