num=0.00130208333333333
den=0.333333333333333
K_error[2.03450520833333e-5  2.03450520833333e-5  2.03450520833333e-5  2.03450520833333e-5  2.03450520833333e-5  2.03450520833333e-5  2.03450520833333e-5  2.03450520833333e-5]
[2.03450520833333e-5  2.03450520833333e-5  2.03450520833333e-5  2.03450520833333e-5  2.03450520833333e-5  2.03450520833333e-5  2.03450520833333e-5  2.03450520833333e-5]
[2.03450520833333e-5  2.03450520833333e-5  2.03450520833333e-5  2.03450520833333e-5  2.03450520833333e-5  2.03450520833333e-5  2.03450520833333e-5  2.03450520833333e-5]
[2.03450520833333e-5  2.03450520833333e-5  2.03450520833333e-5  2.03450520833333e-5  2.03450520833333e-5  2.03450520833333e-5  2.03450520833333e-5  2.03450520833333e-5]
[2.03450520833333e-5  2.03450520833333e-5  2.03450520833333e-5  2.03450520833333e-5  2.03450520833333e-5  2.03450520833333e-5  2.03450520833333e-5  2.03450520833333e-5]
[2.03450520833333e-5  2.03450520833333e-5  2.03450520833333e-5  2.03450520833333e-5  2.03450520833333e-5  2.03450520833333e-5  2.03450520833333e-5  2.03450520833333e-5]
[2.03450520833333e-5  2.03450520833333e-5  2.03450520833333e-5  2.03450520833333e-5  2.03450520833333e-5  2.03450520833333e-5  2.03450520833333e-5  2.03450520833333e-5]
[2.03450520833333e-5  2.03450520833333e-5  2.03450520833333e-5  2.03450520833333e-5  2.03450520833333e-5  2.03450520833333e-5  2.03450520833333e-5  2.03450520833333e-5]
K[0.0625  0.0625  0.0625  0.0625  0.0625  0.0625  0.0625  0.0625]
[0.1875  0.1875  0.1875  0.1875  0.1875  0.1875  0.1875  0.1875]
[0.3125  0.3125  0.3125  0.3125  0.3125  0.3125  0.3125  0.3125]
[0.4375  0.4375  0.4375  0.4375  0.4375  0.4375  0.4375  0.4375]
[0.5625  0.5625  0.5625  0.5625  0.5625  0.5625  0.5625  0.5625]
[0.6875  0.6875  0.6875  0.6875  0.6875  0.6875  0.6875  0.6875]
[0.8125  0.8125  0.8125  0.8125  0.8125  0.8125  0.8125  0.8125]
[0.9375  0.9375  0.9375  0.9375  0.9375  0.9375  0.9375  0.9375]
relative_error0.00390625
relative_error_%0.390625 % 
