num=0.0208333333333333
thres=0.1
den=0.333333333333333
K_error[0.00130208333333333  0.00130208333333333  0.00130208333333333  0.00130208333333333]
[0.00130208333333333  0.00130208333333333  0.00130208333333333  0.00130208333333333]
[0.00130208333333333  0.00130208333333333  0.00130208333333333  0.00130208333333333]
[0.00130208333333333  0.00130208333333333  0.00130208333333333  0.00130208333333333]
K[0.25  0.25  0.25  0.25]
[0.25  0.25  0.25  0.25]
[0.75  0.75  0.75  0.75]
[0.75  0.75  0.75  0.75]
K_dwt[  0.5  0.0  0.0  0.0]
[-0.25  0.0  0.0  0.0]
[  0.0  0.0  0.0  0.0]
[  0.0  0.0  0.0  0.0]
relative_error0.0625
relative_error_%6.25 % 
