num=0.00520833333333333
den=0.333333333333333
K_error[0.000325520833333333  0.000325520833333333  0.000325520833333333  0.000325520833333333]
[0.000325520833333333  0.000325520833333333  0.000325520833333333  0.000325520833333333]
[0.000325520833333333  0.000325520833333333  0.000325520833333333  0.000325520833333333]
[0.000325520833333333  0.000325520833333333  0.000325520833333333  0.000325520833333333]
K[0.125  0.125  0.125  0.125]
[0.375  0.375  0.375  0.375]
[0.625  0.625  0.625  0.625]
[0.875  0.875  0.875  0.875]
K_dwt[                0.5  0.0  0.0  0.0]
[              -0.25  0.0  0.0  0.0]
[-0.0883883476483185  0.0  0.0  0.0]
[-0.0883883476483184  0.0  0.0  0.0]
relative_error0.015625
relative_error_%1.5625 % 
