n=16
K=[1.38682569235049e-27  -0.00390625   -0.0078125  -0.01171875    -0.015625  -0.01953125   -0.0234375  -0.02734375     -0.03125  -0.03515625   -0.0390625  -0.04296875    -0.046875  -0.05078125   -0.0546875  -0.05859375]
[          0.00390625          0.0  -0.00390625   -0.0078125  -0.01171875    -0.015625  -0.01953125   -0.0234375  -0.02734375     -0.03125  -0.03515625   -0.0390625  -0.04296875    -0.046875  -0.05078125   -0.0546875]
[           0.0078125   0.00390625          0.0  -0.00390625   -0.0078125  -0.01171875    -0.015625  -0.01953125   -0.0234375  -0.02734375     -0.03125  -0.03515625   -0.0390625  -0.04296875    -0.046875  -0.05078125]
[          0.01171875    0.0078125   0.00390625          0.0  -0.00390625   -0.0078125  -0.01171875    -0.015625  -0.01953125   -0.0234375  -0.02734375     -0.03125  -0.03515625   -0.0390625  -0.04296875    -0.046875]
[            0.015625   0.01171875    0.0078125   0.00390625          0.0  -0.00390625   -0.0078125  -0.01171875    -0.015625  -0.01953125   -0.0234375  -0.02734375     -0.03125  -0.03515625   -0.0390625  -0.04296875]
[          0.01953125     0.015625   0.01171875    0.0078125   0.00390625          0.0  -0.00390625   -0.0078125  -0.01171875    -0.015625  -0.01953125   -0.0234375  -0.02734375     -0.03125  -0.03515625   -0.0390625]
[           0.0234375   0.01953125     0.015625   0.01171875    0.0078125   0.00390625          0.0  -0.00390625   -0.0078125  -0.01171875    -0.015625  -0.01953125   -0.0234375  -0.02734375     -0.03125  -0.03515625]
[          0.02734375    0.0234375   0.01953125     0.015625   0.01171875    0.0078125   0.00390625          0.0  -0.00390625   -0.0078125  -0.01171875    -0.015625  -0.01953125   -0.0234375  -0.02734375     -0.03125]
[             0.03125   0.02734375    0.0234375   0.01953125     0.015625   0.01171875    0.0078125   0.00390625          0.0  -0.00390625   -0.0078125  -0.01171875    -0.015625  -0.01953125   -0.0234375  -0.02734375]
[          0.03515625      0.03125   0.02734375    0.0234375   0.01953125     0.015625   0.01171875    0.0078125   0.00390625          0.0  -0.00390625   -0.0078125  -0.01171875    -0.015625  -0.01953125   -0.0234375]
[           0.0390625   0.03515625      0.03125   0.02734375    0.0234375   0.01953125     0.015625   0.01171875    0.0078125   0.00390625          0.0  -0.00390625   -0.0078125  -0.01171875    -0.015625  -0.01953125]
[          0.04296875    0.0390625   0.03515625      0.03125   0.02734375    0.0234375   0.01953125     0.015625   0.01171875    0.0078125   0.00390625          0.0  -0.00390625   -0.0078125  -0.01171875    -0.015625]
[            0.046875   0.04296875    0.0390625   0.03515625      0.03125   0.02734375    0.0234375   0.01953125     0.015625   0.01171875    0.0078125   0.00390625          0.0  -0.00390625   -0.0078125  -0.01171875]
[          0.05078125     0.046875   0.04296875    0.0390625   0.03515625      0.03125   0.02734375    0.0234375   0.01953125     0.015625   0.01171875    0.0078125   0.00390625          0.0  -0.00390625   -0.0078125]
[           0.0546875   0.05078125     0.046875   0.04296875    0.0390625   0.03515625      0.03125   0.02734375    0.0234375   0.01953125     0.015625   0.01171875    0.0078125   0.00390625          0.0  -0.00390625]
[          0.05859375    0.0546875   0.05078125     0.046875   0.04296875    0.0390625   0.03515625      0.03125   0.02734375    0.0234375   0.01953125     0.015625   0.01171875    0.0078125   0.00390625          0.0]
E=[0.25]
[0.25]
[0.25]
[0.25]
[0.25]
[0.25]
[0.25]
[0.25]
[0.25]
[0.25]
[0.25]
[0.25]
[0.25]
[0.25]
[0.25]
[0.25]
B1=[0.0]
[0.0]
[0.0]
[0.0]
[0.0]
[0.0]
[0.0]
[0.0]
[0.0]
[0.0]
[0.0]
[0.0]
[0.0]
[0.0]
[0.0]
[0.0]
B2=[0.25]
[0.25]
[0.25]
[0.25]
[0.25]
[0.25]
[0.25]
[0.25]
[0.25]
[0.25]
[0.25]
[0.25]
[0.25]
[0.25]
[0.25]
[0.25]
B3=[0.1328125]
[0.1484375]
[0.1640625]
[0.1796875]
[0.1953125]
[0.2109375]
[0.2265625]
[0.2421875]
[0.2578125]
[0.2734375]
[0.2890625]
[0.3046875]
[0.3203125]
[0.3359375]
[0.3515625]
[0.3671875]
B4=[0.112060546875]
[0.127685546875]
[0.143310546875]
[0.158935546875]
[0.174560546875]
[0.190185546875]
[0.205810546875]
[0.221435546875]
[0.237060546875]
[0.252685546875]
[0.268310546875]
[0.283935546875]
[0.299560546875]
[0.315185546875]
[0.330810546875]
[0.346435546875]
B5=[0.121788024902344]
[0.136116027832031]
[0.150444030761719]
[0.164772033691406]
[0.179100036621094]
[0.193428039550781]
[0.207756042480469]
[0.222084045410156]
[0.236412048339844]
[0.250740051269531]
[0.265068054199219]
[0.279396057128906]
[0.293724060058594]
[0.308052062988281]
[0.322380065917969]
[0.336708068847656]
B6=[0.123510599136353]
[ 0.13783860206604]
[0.152166604995728]
[0.166494607925415]
[0.180822610855103]
[ 0.19515061378479]
[0.209478616714478]
[0.223806619644165]
[0.238134622573853]
[ 0.25246262550354]
[0.266790628433228]
[0.281118631362915]
[0.295446634292603]
[ 0.30977463722229]
[0.324102640151978]
[0.338430643081665]
B7=[0.122703142464161]
[0.137138806283474]
[0.151574470102787]
[  0.1660101339221]
[0.180445797741413]
[0.194881461560726]
[0.209317125380039]
[0.223752789199352]
[0.238188453018665]
[0.252624116837978]
[0.267059780657291]
[0.281495444476604]
[0.295931108295918]
[0.310366772115231]
[0.324802435934544]
[0.339238099753857]
B8=[0.122560155345127]
[ 0.13699581916444]
[0.151431482983753]
[0.165867146803066]
[0.180302810622379]
[0.194738474441692]
[0.209174138261005]
[0.223609802080318]
[0.238045465899631]
[0.252481129718944]
[0.266916793538257]
[0.281352457357571]
[0.295788121176884]
[0.310223784996197]
[ 0.32465944881551]
[0.339095112634823]
B9=[0.122627180557174]
[0.137053907681548]
[0.151480634805921]
[0.165907361930294]
[0.180334089054668]
[0.194760816179041]
[0.209187543303415]
[0.223614270427788]
[0.238040997552162]
[0.252467724676535]
[0.266894451800908]
[0.281321178925282]
[0.295747906049655]
[0.310174633174029]
[0.324601360298402]
[0.339028087422776]
B10=[0.122639049605141]
[0.137065776729514]
[0.151492503853888]
[0.165919230978261]
[0.180345958102635]
[0.194772685227008]
[0.209199412351381]
[0.223626139475755]
[0.238052866600128]
[0.252479593724502]
[0.266906320848875]
[0.281333047973249]
[0.295759775097622]
[0.310186502221995]
[0.324613229346369]
[0.339039956470742]
B11=[0.122633485988906]
[0.137060954928778]
[0.151488423868649]
[ 0.16591589280852]
[0.180343361748392]
[0.194770830688263]
[0.209198299628135]
[0.223625768568006]
[0.238053237507877]
[0.252480706447749]
[ 0.26690817538762]
[0.281335644327491]
[0.295763113267363]
[0.310190582207234]
[0.324618051147105]
[0.339045520086977]
B12=[0.122632500765198]
[ 0.13705996970507]
[0.151487438644941]
[0.165914907584812]
[0.180342376524684]
[0.194769845464555]
[0.209197314404426]
[0.223624783344298]
[0.238052252284169]
[ 0.25247972122404]
[0.266907190163912]
[0.281334659103783]
[0.295762128043654]
[0.310189596983526]
[0.324617065923397]
[0.339044534863268]
B13=[0.122632962588811]
[0.137060369952201]
[0.151487777315591]
[ 0.16591518467898]
[ 0.18034259204237]
[0.194769999405759]
[0.209197406769149]
[0.223624814132539]
[0.238052221495928]
[0.252479628859318]
[0.266907036222707]
[0.281334443586097]
[0.295761850949486]
[0.310189258312876]
[0.324616665676266]
[0.339044073039655]
B14=[0.122633044370076]
[0.137060451733466]
[0.151487859096855]
[0.165915266460245]
[0.180342673823635]
[0.194770081187024]
[0.209197488550414]
[0.223624895913803]
[0.238052303277193]
[0.252479710640583]
[0.266907118003972]
[0.281334525367362]
[0.295761932730751]
[0.310189340094141]
[ 0.32461674745753]
[ 0.33904415482092]
B15=[0.122633006035108]
[0.137060418509827]
[0.151487830984546]
[0.165915243459264]
[0.180342655933983]
[0.194770068408702]
[ 0.20919748088342]
[0.223624893358139]
[0.238052305832858]
[0.252479718307576]
[0.266907130782295]
[0.281334543257013]
[0.295761955731732]
[0.310189368206451]
[0.324616780681169]
[0.339044193155888]
B16=[0.122632999246625]
[0.137060411721343]
[0.151487824196062]
[ 0.16591523667078]
[0.180342649145499]
[0.194770061620218]
[0.209197474094936]
[0.223624886569655]
[0.238052299044374]
[0.252479711519092]
[0.266907123993811]
[ 0.28133453646853]
[0.295761948943248]
[0.310189361417967]
[0.324616773892685]
[0.339044186367404]
B17=[0.122633002428726]
[0.137060414479165]
[0.151487826529603]
[0.165915238580042]
[ 0.18034265063048]
[0.194770062680918]
[0.209197474731357]
[0.223624886781795]
[0.238052298832233]
[0.252479710882672]
[ 0.26690712293311]
[0.281334534983549]
[0.295761947033987]
[0.310189359084425]
[0.324616771134864]
[0.339044183185302]
B18=[0.122633002992224]
[0.137060415042662]
[  0.1514878270931]
[0.165915239143539]
[0.180342651193977]
[0.194770063244416]
[0.209197475294854]
[0.223624887345292]
[0.238052299395731]
[0.252479711446169]
[0.266907123496608]
[0.281334535547046]
[0.295761947597484]
[0.310189359647923]
[0.324616771698361]
[0.339044183748799]
B19=[0.122633002728084]
[0.137060414813741]
[0.151487826899398]
[0.165915238985055]
[0.180342651070712]
[0.194770063156369]
[0.209197475242026]
[0.223624887327683]
[ 0.23805229941334]
[0.252479711498997]
[0.266907123584654]
[0.281334535670311]
[0.295761947755968]
[0.310189359841625]
[0.324616771927282]
[0.339044184012939]
B20=[ 0.12263300268131]
[0.137060414766967]
[0.151487826852624]
[ 0.16591523893828]
[0.180342651023937]
[0.194770063109594]
[0.209197475195251]
[0.223624887280908]
[0.238052299366565]
[0.252479711452222]
[0.266907123537879]
[0.281334535623536]
[0.295761947709193]
[ 0.31018935979485]
[0.324616771880507]
[0.339044183966164]
B21=[0.122633002703235]
[0.137060414785969]
[0.151487826868702]
[0.165915238951436]
[0.180342651034169]
[0.194770063116903]
[0.209197475199636]
[ 0.22362488728237]
[0.238052299365104]
[0.252479711447837]
[0.266907123530571]
[0.281334535613304]
[0.295761947696038]
[0.310189359778771]
[0.324616771861505]
[0.339044183944238]
B22=[0.122633002707118]
[0.137060414789851]
[0.151487826872585]
[0.165915238955319]
[0.180342651038052]
[0.194770063120786]
[0.209197475203519]
[0.223624887286253]
[0.238052299368986]
[ 0.25247971145172]
[0.266907123534453]
[0.281334535617187]
[ 0.29576194769992]
[0.310189359782654]
[0.324616771865388]
[0.339044183948121]
B23=[0.122633002705298]
[0.137060414788274]
[ 0.15148782687125]
[0.165915238954226]
[0.180342651037203]
[0.194770063120179]
[0.209197475203155]
[0.223624887286131]
[0.238052299369108]
[0.252479711452084]
[ 0.26690712353506]
[0.281334535618036]
[0.295761947701012]
[0.310189359783989]
[0.324616771866965]
[0.339044183949941]
B24=[0.122633002704976]
[0.137060414787952]
[0.151487826870928]
[0.165915238953904]
[ 0.18034265103688]
[0.194770063119857]
[0.209197475202833]
[0.223624887285809]
[0.238052299368785]
[0.252479711451762]
[0.266907123534738]
[0.281334535617714]
[ 0.29576194770069]
[0.310189359783666]
[0.324616771866643]
[0.339044183949619]
B25=[0.122633002705127]
[0.137060414788083]
[0.151487826871039]
[0.165915238953995]
[0.180342651036951]
[0.194770063119907]
[0.209197475202863]
[0.223624887285819]
[0.238052299368775]
[0.252479711451731]
[0.266907123534687]
[0.281334535617643]
[  0.2957619477006]
[0.310189359783556]
[0.324616771866512]
[0.339044183949468]
B26=[0.122633002705153]
[0.137060414788109]
[0.151487826871066]
[0.165915238954022]
[0.180342651036978]
[0.194770063119934]
[ 0.20919747520289]
[0.223624887285846]
[0.238052299368802]
[0.252479711451758]
[0.266907123534714]
[ 0.28133453561767]
[0.295761947700626]
[0.310189359783582]
[0.324616771866538]
[0.339044183949495]
B27=[0.122633002705141]
[0.137060414788099]
[0.151487826871056]
[0.165915238954014]
[0.180342651036972]
[ 0.19477006311993]
[0.209197475202887]
[0.223624887285845]
[0.238052299368803]
[0.252479711451761]
[0.266907123534718]
[0.281334535617676]
[0.295761947700634]
[0.310189359783592]
[0.324616771866549]
[0.339044183949507]
B28=[0.122633002705139]
[0.137060414788096]
[0.151487826871054]
[0.165915238954012]
[ 0.18034265103697]
[0.194770063119927]
[0.209197475202885]
[0.223624887285843]
[0.238052299368801]
[0.252479711451758]
[0.266907123534716]
[0.281334535617674]
[0.295761947700632]
[0.310189359783589]
[0.324616771866547]
[0.339044183949505]
B29=[ 0.12263300270514]
[0.137060414788097]
[0.151487826871055]
[0.165915238954013]
[ 0.18034265103697]
[0.194770063119928]
[0.209197475202885]
[0.223624887285843]
[0.238052299368801]
[0.252479711451758]
[0.266907123534716]
[0.281334535617673]
[0.295761947700631]
[0.310189359783589]
[0.324616771866546]
[0.339044183949504]
B30=[ 0.12263300270514]
[0.137060414788097]
[0.151487826871055]
[0.165915238954013]
[ 0.18034265103697]
[0.194770063119928]
[0.209197475202886]
[0.223624887285843]
[0.238052299368801]
[0.252479711451758]
[0.266907123534716]
[0.281334535617674]
[0.295761947700631]
[0.310189359783589]
[0.324616771866546]
[0.339044183949504]
B31=[ 0.12263300270514]
[0.137060414788097]
[0.151487826871055]
[0.165915238954013]
[ 0.18034265103697]
[0.194770063119928]
[0.209197475202886]
[0.223624887285843]
[0.238052299368801]
[0.252479711451758]
[0.266907123534716]
[0.281334535617674]
[0.295761947700631]
[0.310189359783589]
[0.324616771866546]
[0.339044183949504]
B32=[ 0.12263300270514]
[0.137060414788097]
[0.151487826871055]
[0.165915238954013]
[ 0.18034265103697]
[0.194770063119928]
[0.209197475202885]
[0.223624887285843]
[0.238052299368801]
[0.252479711451758]
[0.266907123534716]
[0.281334535617674]
[0.295761947700631]
[0.310189359783589]
[0.324616771866546]
[0.339044183949504]
B33=[ 0.12263300270514]
[0.137060414788097]
[0.151487826871055]
[0.165915238954013]
[ 0.18034265103697]
[0.194770063119928]
[0.209197475202885]
[0.223624887285843]
[0.238052299368801]
[0.252479711451758]
[0.266907123534716]
[0.281334535617674]
[0.295761947700631]
[0.310189359783589]
[0.324616771866546]
[0.339044183949504]
B34=[ 0.12263300270514]
[0.137060414788097]
[0.151487826871055]
[0.165915238954013]
[ 0.18034265103697]
[0.194770063119928]
[0.209197475202885]
[0.223624887285843]
[0.238052299368801]
[0.252479711451758]
[0.266907123534716]
[0.281334535617674]
[0.295761947700631]
[0.310189359783589]
[0.324616771866546]
[0.339044183949504]



B35=[0.490532010820559]
[ 0.54824165915239]
[ 0.60595130748422]
[ 0.66366095581605]
[0.721370604147881]
[0.779080252479711]
[0.836789900811542]
[0.894499549143372]
[0.952209197475203]
[ 1.00991884580703]
[ 1.06762849413886]
[ 1.12533814247069]
[ 1.18304779080252]
[ 1.24075743913436]
[ 1.29846708746619]
[ 1.35617673579802]