n=32
K=[8.58623679834143e-27  -0.0009765625   -0.001953125  -0.0029296875    -0.00390625  -0.0048828125   -0.005859375  -0.0068359375     -0.0078125  -0.0087890625   -0.009765625  -0.0107421875    -0.01171875  -0.0126953125   -0.013671875  -0.0146484375      -0.015625  -0.0166015625   -0.017578125  -0.0185546875    -0.01953125  -0.0205078125   -0.021484375  -0.0224609375     -0.0234375  -0.0244140625   -0.025390625  -0.0263671875    -0.02734375  -0.0283203125   -0.029296875  -0.0302734375]
[        0.0009765625            0.0  -0.0009765625   -0.001953125  -0.0029296875    -0.00390625  -0.0048828125   -0.005859375  -0.0068359375     -0.0078125  -0.0087890625   -0.009765625  -0.0107421875    -0.01171875  -0.0126953125   -0.013671875  -0.0146484375      -0.015625  -0.0166015625   -0.017578125  -0.0185546875    -0.01953125  -0.0205078125   -0.021484375  -0.0224609375     -0.0234375  -0.0244140625   -0.025390625  -0.0263671875    -0.02734375  -0.0283203125   -0.029296875]
[         0.001953125   0.0009765625            0.0  -0.0009765625   -0.001953125  -0.0029296875    -0.00390625  -0.0048828125   -0.005859375  -0.0068359375     -0.0078125  -0.0087890625   -0.009765625  -0.0107421875    -0.01171875  -0.0126953125   -0.013671875  -0.0146484375      -0.015625  -0.0166015625   -0.017578125  -0.0185546875    -0.01953125  -0.0205078125   -0.021484375  -0.0224609375     -0.0234375  -0.0244140625   -0.025390625  -0.0263671875    -0.02734375  -0.0283203125]
[        0.0029296875    0.001953125   0.0009765625            0.0  -0.0009765625   -0.001953125  -0.0029296875    -0.00390625  -0.0048828125   -0.005859375  -0.0068359375     -0.0078125  -0.0087890625   -0.009765625  -0.0107421875    -0.01171875  -0.0126953125   -0.013671875  -0.0146484375      -0.015625  -0.0166015625   -0.017578125  -0.0185546875    -0.01953125  -0.0205078125   -0.021484375  -0.0224609375     -0.0234375  -0.0244140625   -0.025390625  -0.0263671875    -0.02734375]
[          0.00390625   0.0029296875    0.001953125   0.0009765625            0.0  -0.0009765625   -0.001953125  -0.0029296875    -0.00390625  -0.0048828125   -0.005859375  -0.0068359375     -0.0078125  -0.0087890625   -0.009765625  -0.0107421875    -0.01171875  -0.0126953125   -0.013671875  -0.0146484375      -0.015625  -0.0166015625   -0.017578125  -0.0185546875    -0.01953125  -0.0205078125   -0.021484375  -0.0224609375     -0.0234375  -0.0244140625   -0.025390625  -0.0263671875]
[        0.0048828125     0.00390625   0.0029296875    0.001953125   0.0009765625            0.0  -0.0009765625   -0.001953125  -0.0029296875    -0.00390625  -0.0048828125   -0.005859375  -0.0068359375     -0.0078125  -0.0087890625   -0.009765625  -0.0107421875    -0.01171875  -0.0126953125   -0.013671875  -0.0146484375      -0.015625  -0.0166015625   -0.017578125  -0.0185546875    -0.01953125  -0.0205078125   -0.021484375  -0.0224609375     -0.0234375  -0.0244140625   -0.025390625]
[         0.005859375   0.0048828125     0.00390625   0.0029296875    0.001953125   0.0009765625            0.0  -0.0009765625   -0.001953125  -0.0029296875    -0.00390625  -0.0048828125   -0.005859375  -0.0068359375     -0.0078125  -0.0087890625   -0.009765625  -0.0107421875    -0.01171875  -0.0126953125   -0.013671875  -0.0146484375      -0.015625  -0.0166015625   -0.017578125  -0.0185546875    -0.01953125  -0.0205078125   -0.021484375  -0.0224609375     -0.0234375  -0.0244140625]
[        0.0068359375    0.005859375   0.0048828125     0.00390625   0.0029296875    0.001953125   0.0009765625            0.0  -0.0009765625   -0.001953125  -0.0029296875    -0.00390625  -0.0048828125   -0.005859375  -0.0068359375     -0.0078125  -0.0087890625   -0.009765625  -0.0107421875    -0.01171875  -0.0126953125   -0.013671875  -0.0146484375      -0.015625  -0.0166015625   -0.017578125  -0.0185546875    -0.01953125  -0.0205078125   -0.021484375  -0.0224609375     -0.0234375]
[           0.0078125   0.0068359375    0.005859375   0.0048828125     0.00390625   0.0029296875    0.001953125   0.0009765625            0.0  -0.0009765625   -0.001953125  -0.0029296875    -0.00390625  -0.0048828125   -0.005859375  -0.0068359375     -0.0078125  -0.0087890625   -0.009765625  -0.0107421875    -0.01171875  -0.0126953125   -0.013671875  -0.0146484375      -0.015625  -0.0166015625   -0.017578125  -0.0185546875    -0.01953125  -0.0205078125   -0.021484375  -0.0224609375]
[        0.0087890625      0.0078125   0.0068359375    0.005859375   0.0048828125     0.00390625   0.0029296875    0.001953125   0.0009765625            0.0  -0.0009765625   -0.001953125  -0.0029296875    -0.00390625  -0.0048828125   -0.005859375  -0.0068359375     -0.0078125  -0.0087890625   -0.009765625  -0.0107421875    -0.01171875  -0.0126953125   -0.013671875  -0.0146484375      -0.015625  -0.0166015625   -0.017578125  -0.0185546875    -0.01953125  -0.0205078125   -0.021484375]
[         0.009765625   0.0087890625      0.0078125   0.0068359375    0.005859375   0.0048828125     0.00390625   0.0029296875    0.001953125   0.0009765625            0.0  -0.0009765625   -0.001953125  -0.0029296875    -0.00390625  -0.0048828125   -0.005859375  -0.0068359375     -0.0078125  -0.0087890625   -0.009765625  -0.0107421875    -0.01171875  -0.0126953125   -0.013671875  -0.0146484375      -0.015625  -0.0166015625   -0.017578125  -0.0185546875    -0.01953125  -0.0205078125]
[        0.0107421875    0.009765625   0.0087890625      0.0078125   0.0068359375    0.005859375   0.0048828125     0.00390625   0.0029296875    0.001953125   0.0009765625            0.0  -0.0009765625   -0.001953125  -0.0029296875    -0.00390625  -0.0048828125   -0.005859375  -0.0068359375     -0.0078125  -0.0087890625   -0.009765625  -0.0107421875    -0.01171875  -0.0126953125   -0.013671875  -0.0146484375      -0.015625  -0.0166015625   -0.017578125  -0.0185546875    -0.01953125]
[          0.01171875   0.0107421875    0.009765625   0.0087890625      0.0078125   0.0068359375    0.005859375   0.0048828125     0.00390625   0.0029296875    0.001953125   0.0009765625            0.0  -0.0009765625   -0.001953125  -0.0029296875    -0.00390625  -0.0048828125   -0.005859375  -0.0068359375     -0.0078125  -0.0087890625   -0.009765625  -0.0107421875    -0.01171875  -0.0126953125   -0.013671875  -0.0146484375      -0.015625  -0.0166015625   -0.017578125  -0.0185546875]
[        0.0126953125     0.01171875   0.0107421875    0.009765625   0.0087890625      0.0078125   0.0068359375    0.005859375   0.0048828125     0.00390625   0.0029296875    0.001953125   0.0009765625            0.0  -0.0009765625   -0.001953125  -0.0029296875    -0.00390625  -0.0048828125   -0.005859375  -0.0068359375     -0.0078125  -0.0087890625   -0.009765625  -0.0107421875    -0.01171875  -0.0126953125   -0.013671875  -0.0146484375      -0.015625  -0.0166015625   -0.017578125]
[         0.013671875   0.0126953125     0.01171875   0.0107421875    0.009765625   0.0087890625      0.0078125   0.0068359375    0.005859375   0.0048828125     0.00390625   0.0029296875    0.001953125   0.0009765625            0.0  -0.0009765625   -0.001953125  -0.0029296875    -0.00390625  -0.0048828125   -0.005859375  -0.0068359375     -0.0078125  -0.0087890625   -0.009765625  -0.0107421875    -0.01171875  -0.0126953125   -0.013671875  -0.0146484375      -0.015625  -0.0166015625]
[        0.0146484375    0.013671875   0.0126953125     0.01171875   0.0107421875    0.009765625   0.0087890625      0.0078125   0.0068359375    0.005859375   0.0048828125     0.00390625   0.0029296875    0.001953125   0.0009765625            0.0  -0.0009765625   -0.001953125  -0.0029296875    -0.00390625  -0.0048828125   -0.005859375  -0.0068359375     -0.0078125  -0.0087890625   -0.009765625  -0.0107421875    -0.01171875  -0.0126953125   -0.013671875  -0.0146484375      -0.015625]
[            0.015625   0.0146484375    0.013671875   0.0126953125     0.01171875   0.0107421875    0.009765625   0.0087890625      0.0078125   0.0068359375    0.005859375   0.0048828125     0.00390625   0.0029296875    0.001953125   0.0009765625            0.0  -0.0009765625   -0.001953125  -0.0029296875    -0.00390625  -0.0048828125   -0.005859375  -0.0068359375     -0.0078125  -0.0087890625   -0.009765625  -0.0107421875    -0.01171875  -0.0126953125   -0.013671875  -0.0146484375]
[        0.0166015625       0.015625   0.0146484375    0.013671875   0.0126953125     0.01171875   0.0107421875    0.009765625   0.0087890625      0.0078125   0.0068359375    0.005859375   0.0048828125     0.00390625   0.0029296875    0.001953125   0.0009765625            0.0  -0.0009765625   -0.001953125  -0.0029296875    -0.00390625  -0.0048828125   -0.005859375  -0.0068359375     -0.0078125  -0.0087890625   -0.009765625  -0.0107421875    -0.01171875  -0.0126953125   -0.013671875]
[         0.017578125   0.0166015625       0.015625   0.0146484375    0.013671875   0.0126953125     0.01171875   0.0107421875    0.009765625   0.0087890625      0.0078125   0.0068359375    0.005859375   0.0048828125     0.00390625   0.0029296875    0.001953125   0.0009765625            0.0  -0.0009765625   -0.001953125  -0.0029296875    -0.00390625  -0.0048828125   -0.005859375  -0.0068359375     -0.0078125  -0.0087890625   -0.009765625  -0.0107421875    -0.01171875  -0.0126953125]
[        0.0185546875    0.017578125   0.0166015625       0.015625   0.0146484375    0.013671875   0.0126953125     0.01171875   0.0107421875    0.009765625   0.0087890625      0.0078125   0.0068359375    0.005859375   0.0048828125     0.00390625   0.0029296875    0.001953125   0.0009765625            0.0  -0.0009765625   -0.001953125  -0.0029296875    -0.00390625  -0.0048828125   -0.005859375  -0.0068359375     -0.0078125  -0.0087890625   -0.009765625  -0.0107421875    -0.01171875]
[          0.01953125   0.0185546875    0.017578125   0.0166015625       0.015625   0.0146484375    0.013671875   0.0126953125     0.01171875   0.0107421875    0.009765625   0.0087890625      0.0078125   0.0068359375    0.005859375   0.0048828125     0.00390625   0.0029296875    0.001953125   0.0009765625            0.0  -0.0009765625   -0.001953125  -0.0029296875    -0.00390625  -0.0048828125   -0.005859375  -0.0068359375     -0.0078125  -0.0087890625   -0.009765625  -0.0107421875]
[        0.0205078125     0.01953125   0.0185546875    0.017578125   0.0166015625       0.015625   0.0146484375    0.013671875   0.0126953125     0.01171875   0.0107421875    0.009765625   0.0087890625      0.0078125   0.0068359375    0.005859375   0.0048828125     0.00390625   0.0029296875    0.001953125   0.0009765625            0.0  -0.0009765625   -0.001953125  -0.0029296875    -0.00390625  -0.0048828125   -0.005859375  -0.0068359375     -0.0078125  -0.0087890625   -0.009765625]
[         0.021484375   0.0205078125     0.01953125   0.0185546875    0.017578125   0.0166015625       0.015625   0.0146484375    0.013671875   0.0126953125     0.01171875   0.0107421875    0.009765625   0.0087890625      0.0078125   0.0068359375    0.005859375   0.0048828125     0.00390625   0.0029296875    0.001953125   0.0009765625            0.0  -0.0009765625   -0.001953125  -0.0029296875    -0.00390625  -0.0048828125   -0.005859375  -0.0068359375     -0.0078125  -0.0087890625]
[        0.0224609375    0.021484375   0.0205078125     0.01953125   0.0185546875    0.017578125   0.0166015625       0.015625   0.0146484375    0.013671875   0.0126953125     0.01171875   0.0107421875    0.009765625   0.0087890625      0.0078125   0.0068359375    0.005859375   0.0048828125     0.00390625   0.0029296875    0.001953125   0.0009765625            0.0  -0.0009765625   -0.001953125  -0.0029296875    -0.00390625  -0.0048828125   -0.005859375  -0.0068359375     -0.0078125]
[           0.0234375   0.0224609375    0.021484375   0.0205078125     0.01953125   0.0185546875    0.017578125   0.0166015625       0.015625   0.0146484375    0.013671875   0.0126953125     0.01171875   0.0107421875    0.009765625   0.0087890625      0.0078125   0.0068359375    0.005859375   0.0048828125     0.00390625   0.0029296875    0.001953125   0.0009765625            0.0  -0.0009765625   -0.001953125  -0.0029296875    -0.00390625  -0.0048828125   -0.005859375  -0.0068359375]
[        0.0244140625      0.0234375   0.0224609375    0.021484375   0.0205078125     0.01953125   0.0185546875    0.017578125   0.0166015625       0.015625   0.0146484375    0.013671875   0.0126953125     0.01171875   0.0107421875    0.009765625   0.0087890625      0.0078125   0.0068359375    0.005859375   0.0048828125     0.00390625   0.0029296875    0.001953125   0.0009765625            0.0  -0.0009765625   -0.001953125  -0.0029296875    -0.00390625  -0.0048828125   -0.005859375]
[         0.025390625   0.0244140625      0.0234375   0.0224609375    0.021484375   0.0205078125     0.01953125   0.0185546875    0.017578125   0.0166015625       0.015625   0.0146484375    0.013671875   0.0126953125     0.01171875   0.0107421875    0.009765625   0.0087890625      0.0078125   0.0068359375    0.005859375   0.0048828125     0.00390625   0.0029296875    0.001953125   0.0009765625            0.0  -0.0009765625   -0.001953125  -0.0029296875    -0.00390625  -0.0048828125]
[        0.0263671875    0.025390625   0.0244140625      0.0234375   0.0224609375    0.021484375   0.0205078125     0.01953125   0.0185546875    0.017578125   0.0166015625       0.015625   0.0146484375    0.013671875   0.0126953125     0.01171875   0.0107421875    0.009765625   0.0087890625      0.0078125   0.0068359375    0.005859375   0.0048828125     0.00390625   0.0029296875    0.001953125   0.0009765625            0.0  -0.0009765625   -0.001953125  -0.0029296875    -0.00390625]
[          0.02734375   0.0263671875    0.025390625   0.0244140625      0.0234375   0.0224609375    0.021484375   0.0205078125     0.01953125   0.0185546875    0.017578125   0.0166015625       0.015625   0.0146484375    0.013671875   0.0126953125     0.01171875   0.0107421875    0.009765625   0.0087890625      0.0078125   0.0068359375    0.005859375   0.0048828125     0.00390625   0.0029296875    0.001953125   0.0009765625            0.0  -0.0009765625   -0.001953125  -0.0029296875]
[        0.0283203125     0.02734375   0.0263671875    0.025390625   0.0244140625      0.0234375   0.0224609375    0.021484375   0.0205078125     0.01953125   0.0185546875    0.017578125   0.0166015625       0.015625   0.0146484375    0.013671875   0.0126953125     0.01171875   0.0107421875    0.009765625   0.0087890625      0.0078125   0.0068359375    0.005859375   0.0048828125     0.00390625   0.0029296875    0.001953125   0.0009765625            0.0  -0.0009765625   -0.001953125]
[         0.029296875   0.0283203125     0.02734375   0.0263671875    0.025390625   0.0244140625      0.0234375   0.0224609375    0.021484375   0.0205078125     0.01953125   0.0185546875    0.017578125   0.0166015625       0.015625   0.0146484375    0.013671875   0.0126953125     0.01171875   0.0107421875    0.009765625   0.0087890625      0.0078125   0.0068359375    0.005859375   0.0048828125     0.00390625   0.0029296875    0.001953125   0.0009765625            0.0  -0.0009765625]
[        0.0302734375    0.029296875   0.0283203125     0.02734375   0.0263671875    0.025390625   0.0244140625      0.0234375   0.0224609375    0.021484375   0.0205078125     0.01953125   0.0185546875    0.017578125   0.0166015625       0.015625   0.0146484375    0.013671875   0.0126953125     0.01171875   0.0107421875    0.009765625   0.0087890625      0.0078125   0.0068359375    0.005859375   0.0048828125     0.00390625   0.0029296875    0.001953125   0.0009765625            0.0]
E=[0.176776695296637]
[0.176776695296637]
[0.176776695296637]
[0.176776695296637]
[0.176776695296637]
[0.176776695296637]
[0.176776695296637]
[0.176776695296637]
[0.176776695296637]
[0.176776695296637]
[0.176776695296637]
[0.176776695296637]
[0.176776695296637]
[0.176776695296637]
[0.176776695296637]
[0.176776695296637]
[0.176776695296637]
[0.176776695296637]
[0.176776695296637]
[0.176776695296637]
[0.176776695296637]
[0.176776695296637]
[0.176776695296637]
[0.176776695296637]
[0.176776695296637]
[0.176776695296637]
[0.176776695296637]
[0.176776695296637]
[0.176776695296637]
[0.176776695296637]
[0.176776695296637]
[0.176776695296637]
B1=[0.0]
[0.0]
[0.0]
[0.0]
[0.0]
[0.0]
[0.0]
[0.0]
[0.0]
[0.0]
[0.0]
[0.0]
[0.0]
[0.0]
[0.0]
[0.0]
[0.0]
[0.0]
[0.0]
[0.0]
[0.0]
[0.0]
[0.0]
[0.0]
[0.0]
[0.0]
[0.0]
[0.0]
[0.0]
[0.0]
[0.0]
[0.0]
B2=[0.176776695296637]
[0.176776695296637]
[0.176776695296637]
[0.176776695296637]
[0.176776695296637]
[0.176776695296637]
[0.176776695296637]
[0.176776695296637]
[0.176776695296637]
[0.176776695296637]
[0.176776695296637]
[0.176776695296637]
[0.176776695296637]
[0.176776695296637]
[0.176776695296637]
[0.176776695296637]
[0.176776695296637]
[0.176776695296637]
[0.176776695296637]
[0.176776695296637]
[0.176776695296637]
[0.176776695296637]
[0.176776695296637]
[0.176776695296637]
[0.176776695296637]
[0.176776695296637]
[0.176776695296637]
[0.176776695296637]
[0.176776695296637]
[0.176776695296637]
[0.176776695296637]
[0.176776695296637]
B3=[0.0911504835123284]
[0.0966747552403483]
[ 0.102199026968368]
[ 0.107723298696388]
[ 0.113247570424408]
[ 0.118771842152428]
[ 0.124296113880448]
[ 0.129820385608468]
[ 0.135344657336488]
[ 0.140868929064507]
[ 0.146393200792527]
[ 0.151917472520547]
[ 0.157441744248567]
[ 0.162966015976587]
[ 0.168490287704607]
[ 0.174014559432627]
[ 0.179538831160647]
[ 0.185063102888667]
[ 0.190587374616687]
[ 0.196111646344707]
[ 0.201635918072726]
[ 0.207160189800746]
[ 0.212684461528766]
[ 0.218208733256786]
[ 0.223733004984806]
[ 0.229257276712826]
[ 0.234781548440846]
[ 0.240305820168866]
[ 0.245830091896886]
[ 0.251354363624906]
[ 0.256878635352925]
[ 0.262402907080945]
B4=[0.0764334783619003]
[0.0819577500899202]
[0.0874820218179402]
[0.0930062935459601]
[  0.09853056527398]
[    0.104054837002]
[  0.10957910873002]
[  0.11510338045804]
[  0.12062765218606]
[ 0.126151923914079]
[ 0.131676195642099]
[ 0.137200467370119]
[ 0.142724739098139]
[ 0.148249010826159]
[ 0.153773282554179]
[ 0.159297554282199]
[ 0.164821826010219]
[ 0.170346097738239]
[ 0.175870369466259]
[ 0.181394641194279]
[ 0.186918912922298]
[ 0.192443184650318]
[ 0.197967456378338]
[ 0.203491728106358]
[ 0.209015999834378]
[ 0.214540271562398]
[ 0.220064543290418]
[ 0.225588815018438]
[ 0.231113086746458]
[ 0.236637358474478]
[ 0.242161630202497]
[ 0.247685901930517]
B5=[0.0835620277316389]
[ 0.088626393048708]
[ 0.093690758365777]
[ 0.098755123682846]
[ 0.103819488999915]
[ 0.108883854316984]
[ 0.113948219634053]
[ 0.119012584951122]
[ 0.124076950268191]
[  0.12914131558526]
[ 0.134205680902329]
[ 0.139270046219398]
[ 0.144334411536467]
[ 0.149398776853536]
[ 0.154463142170605]
[ 0.159527507487674]
[ 0.164591872804743]
[ 0.169656238121812]
[ 0.174720603438881]
[  0.17978496875595]
[ 0.184849334073019]
[ 0.189913699390088]
[ 0.194978064707158]
[ 0.200042430024227]
[ 0.205106795341296]
[ 0.210171160658365]
[ 0.215235525975434]
[ 0.220299891292503]
[ 0.225364256609572]
[ 0.230428621926641]
[  0.23549298724371]
[ 0.240557352560779]
B6=[0.0847872471545627]
[0.0898516124716318]
[0.0949159777887008]
[0.0999803431057698]
[ 0.105044708422839]
[ 0.110109073739908]
[ 0.115173439056977]
[ 0.120237804374046]
[ 0.125302169691115]
[ 0.130366535008184]
[ 0.135430900325253]
[ 0.140495265642322]
[ 0.145559630959391]
[  0.15062399627646]
[ 0.155688361593529]
[ 0.160752726910598]
[ 0.165817092227667]
[ 0.170881457544736]
[ 0.175945822861805]
[ 0.181010188178874]
[ 0.186074553495943]
[ 0.191138918813012]
[ 0.196203284130081]
[  0.20126764944715]
[ 0.206332014764219]
[ 0.211396380081288]
[ 0.216460745398357]
[ 0.221525110715426]
[ 0.226589476032495]
[ 0.231653841349565]
[ 0.236718206666634]
[ 0.241782571983703]
B7=[ 0.084193781496584]
[0.0892964349206194]
[0.0943990883446548]
[0.0995017417686902]
[ 0.104604395192726]
[ 0.109707048616761]
[ 0.114809702040796]
[ 0.119912355464832]
[ 0.125015008888867]
[ 0.130117662312903]
[ 0.135220315736938]
[ 0.140322969160973]
[ 0.145425622585009]
[ 0.150528276009044]
[  0.15563092943308]
[ 0.160733582857115]
[  0.16583623628115]
[ 0.170938889705186]
[ 0.176041543129221]
[ 0.181144196553257]
[ 0.186246849977292]
[ 0.191349503401327]
[ 0.196452156825363]
[ 0.201554810249398]
[ 0.206657463673434]
[ 0.211760117097469]
[ 0.216862770521504]
[  0.22196542394554]
[ 0.227068077369575]
[ 0.232170730793611]
[ 0.237273384217646]
[ 0.242376037641681]
B8=[0.0840917795866189]
[0.0891944330106543]
[0.0942970864346897]
[0.0993997398587251]
[ 0.104502393282761]
[ 0.109605046706796]
[ 0.114707700130831]
[ 0.119810353554867]
[ 0.124913006978902]
[ 0.130015660402937]
[ 0.135118313826973]
[ 0.140220967251008]
[ 0.145323620675044]
[ 0.150426274099079]
[ 0.155528927523114]
[  0.16063158094715]
[ 0.165734234371185]
[ 0.170836887795221]
[ 0.175939541219256]
[ 0.181042194643291]
[ 0.186144848067327]
[ 0.191247501491362]
[ 0.196350154915398]
[ 0.201452808339433]
[ 0.206555461763468]
[ 0.211658115187504]
[ 0.216760768611539]
[ 0.221863422035575]
[  0.22696607545961]
[ 0.232068728883645]
[ 0.237171382307681]
[ 0.242274035731716]
B9=[0.0841411867617583]
[0.0892406526261073]
[0.0943401184904562]
[0.0994395843548052]
[ 0.104539050219154]
[ 0.109638516083503]
[ 0.114737981947852]
[ 0.119837447812201]
[  0.12493691367655]
[ 0.130036379540899]
[ 0.135135845405248]
[ 0.140235311269597]
[ 0.145334777133946]
[ 0.150434242998295]
[ 0.155533708862644]
[ 0.160633174726993]
[ 0.165732640591342]
[ 0.170832106455691]
[  0.17593157232004]
[ 0.181031038184389]
[ 0.186130504048738]
[ 0.191229969913087]
[ 0.196329435777436]
[ 0.201428901641785]
[ 0.206528367506134]
[ 0.211627833370483]
[ 0.216727299234832]
[ 0.221826765099181]
[  0.22692623096353]
[ 0.232025696827879]
[ 0.237125162692228]
[ 0.242224628556577]
B10=[0.0841496786199853]
[0.0892491444843343]
[0.0943486103486833]
[0.0994480762130323]
[ 0.104547542077381]
[  0.10964700794173]
[ 0.114746473806079]
[ 0.119845939670428]
[ 0.124945405534777]
[ 0.130044871399126]
[ 0.135144337263475]
[ 0.140243803127824]
[ 0.145343268992173]
[ 0.150442734856522]
[ 0.155542200720871]
[  0.16064166658522]
[ 0.165741132449569]
[ 0.170840598313918]
[ 0.175940064178267]
[ 0.181039530042616]
[ 0.186138995906965]
[ 0.191238461771314]
[ 0.196337927635663]
[ 0.201437393500012]
[ 0.206536859364361]
[  0.21163632522871]
[ 0.216735791093059]
[ 0.221835256957408]
[ 0.226934722821757]
[ 0.232034188686106]
[ 0.237133654550455]
[ 0.242233120414804]
B11=[0.0841455653761566]
[0.0892452966110752]
[0.0943450278459938]
[0.0994447590809124]
[ 0.104544490315831]
[  0.10964422155075]
[ 0.114743952785668]
[ 0.119843684020587]
[ 0.124943415255505]
[ 0.130043146490424]
[ 0.135142877725342]
[ 0.140242608960261]
[  0.14534234019518]
[ 0.150442071430098]
[ 0.155541802665017]
[ 0.160641533899935]
[ 0.165741265134854]
[ 0.170840996369773]
[ 0.175940727604691]
[  0.18104045883961]
[ 0.186140190074528]
[ 0.191239921309447]
[ 0.196339652544365]
[ 0.201439383779284]
[ 0.206539115014203]
[ 0.211638846249121]
[  0.21673857748404]
[ 0.221838308718958]
[ 0.226938039953877]
[ 0.232037771188796]
[ 0.237137502423714]
[ 0.242237233658633]
B12=[0.0841448584123735]
[0.0892445896472921]
[0.0943443208822107]
[0.0994440521171293]
[ 0.104543783352048]
[ 0.109643514586966]
[ 0.114743245821885]
[ 0.119842977056804]
[ 0.124942708291722]
[ 0.130042439526641]
[ 0.135142170761559]
[ 0.140241901996478]
[ 0.145341633231397]
[ 0.150441364466315]
[ 0.155541095701234]
[ 0.160640826936152]
[ 0.165740558171071]
[ 0.170840289405989]
[ 0.175940020640908]
[ 0.181039751875827]
[ 0.186139483110745]
[ 0.191239214345664]
[ 0.196338945580582]
[ 0.201438676815501]
[  0.20653840805042]
[ 0.211638139285338]
[ 0.216737870520257]
[ 0.221837601755175]
[ 0.226937332990094]
[ 0.232037064225012]
[ 0.237136795459931]
[  0.24223652669485]
B13=[ 0.084145200847956]
[0.0892449099902563]
[0.0943446191325567]
[ 0.099444328274857]
[ 0.104544037417157]
[ 0.109643746559458]
[ 0.114743455701758]
[ 0.119843164844058]
[ 0.124942873986359]
[ 0.130042583128659]
[  0.13514229227096]
[  0.14024200141326]
[  0.14534171055556]
[ 0.150441419697861]
[ 0.155541128840161]
[ 0.160640837982461]
[ 0.165740547124762]
[ 0.170840256267062]
[ 0.175939965409362]
[ 0.181039674551663]
[ 0.186139383693963]
[ 0.191239092836264]
[ 0.196338801978564]
[ 0.201438511120864]
[ 0.206538220263165]
[ 0.211637929405465]
[ 0.216737638547765]
[ 0.221837347690066]
[ 0.226937056832366]
[ 0.232036765974666]
[ 0.237136475116967]
[ 0.242236184259267]
B14=[0.0841452597040717]
[ 0.089244968846372]
[0.0943446779886724]
[0.0994443871309728]
[ 0.104544096273273]
[ 0.109643805415574]
[ 0.114743514557874]
[ 0.119843223700174]
[ 0.124942932842475]
[ 0.130042641984775]
[ 0.135142351127075]
[ 0.140242060269376]
[ 0.145341769411676]
[ 0.150441478553976]
[ 0.155541187696277]
[ 0.160640896838577]
[ 0.165740605980877]
[ 0.170840315123178]
[ 0.175940024265478]
[ 0.181039733407779]
[ 0.186139442550079]
[ 0.191239151692379]
[  0.19633886083468]
[  0.20143856997698]
[  0.20653827911928]
[ 0.211637988261581]
[ 0.216737697403881]
[ 0.221837406546181]
[ 0.226937115688482]
[ 0.232036824830782]
[ 0.237136533973083]
[ 0.242236243115383]
B15=[0.0841452311956406]
[0.0892449421771946]
[0.0943446531587486]
[0.0994443641403026]
[ 0.104544075121857]
[ 0.109643786103411]
[ 0.114743497084965]
[ 0.119843208066518]
[ 0.124942919048072]
[ 0.130042630029626]
[  0.13514234101118]
[ 0.140242051992734]
[ 0.145341762974288]
[ 0.150441473955842]
[ 0.155541184937396]
[  0.16064089591895]
[ 0.165740606900504]
[ 0.170840317882058]
[ 0.175940028863612]
[ 0.181039739845166]
[  0.18613945082672]
[ 0.191239161808274]
[ 0.196338872789828]
[ 0.201438583771382]
[ 0.206538294752936]
[  0.21163800573449]
[ 0.216737716716044]
[ 0.221837427697598]
[ 0.226937138679152]
[ 0.232036849660706]
[  0.23713656064226]
[ 0.242236271623814]
B16=[0.084145226295754]
[0.089244937277308]
[0.094344648258862]
[0.099444359240416]
[ 0.10454407022197]
[0.109643781203524]
[0.114743492185078]
[0.119843203166632]
[0.124942914148186]
[ 0.13004262512974]
[0.135142336111294]
[0.140242047092848]
[0.145341758074402]
[0.150441469055956]
[ 0.15554118003751]
[0.160640891019064]
[0.165740602000618]
[0.170840312982172]
[0.175940023963726]
[ 0.18103973494528]
[0.186139445926834]
[0.191239156908388]
[0.196338867889942]
[0.201438578871496]
[ 0.20653828985305]
[0.211638000834604]
[0.216737711816158]
[0.221837422797711]
[0.226937133779265]
[0.232036844760819]
[0.237136555742373]
[0.242236266723927]
B17=[0.0841452286691366]
[0.0892449394975691]
[0.0943446503260017]
[0.0994443611544342]
[ 0.104544071982867]
[ 0.109643782811299]
[ 0.114743493639732]
[ 0.119843204468164]
[ 0.124942915296597]
[ 0.130042626125029]
[ 0.135142336953462]
[ 0.140242047781894]
[ 0.145341758610327]
[ 0.150441469438759]
[ 0.155541180267192]
[ 0.160640891095624]
[ 0.165740601924057]
[  0.17084031275249]
[ 0.175940023580922]
[ 0.181039734409355]
[ 0.186139445237787]
[  0.19123915606622]
[ 0.196338866894652]
[ 0.201438577723085]
[ 0.206538288551517]
[  0.21163799937995]
[ 0.216737710208382]
[ 0.221837421036815]
[ 0.226937131865247]
[  0.23203684269368]
[ 0.237136553522112]
[ 0.242236264350545]
B18=[0.0841452290770617]
[0.0892449399054943]
[0.0943446507339268]
[0.0994443615623593]
[ 0.104544072390792]
[ 0.109643783219224]
[ 0.114743494047657]
[ 0.119843204876089]
[ 0.124942915704522]
[ 0.130042626532954]
[ 0.135142337361387]
[  0.14024204818982]
[ 0.145341759018252]
[ 0.150441469846685]
[ 0.155541180675117]
[  0.16064089150355]
[ 0.165740602331982]
[ 0.170840313160415]
[ 0.175940023988847]
[  0.18103973481728]
[ 0.186139445645712]
[ 0.191239156474145]
[ 0.196338867302577]
[  0.20143857813101]
[ 0.206538288959442]
[ 0.211637999787875]
[ 0.216737710616307]
[  0.22183742144474]
[ 0.226937132273172]
[ 0.232036843101605]
[ 0.237136553930037]
[  0.24223626475847]
B19=[ 0.084145228879473]
[0.0892449397206532]
[0.0943446505618334]
[0.0994443614030135]
[ 0.104544072244194]
[ 0.109643783085374]
[ 0.114743493926554]
[ 0.119843204767734]
[ 0.124942915608914]
[ 0.130042626450095]
[ 0.135142337291275]
[ 0.140242048132455]
[ 0.145341758973635]
[ 0.150441469814815]
[ 0.155541180655996]
[ 0.160640891497176]
[ 0.165740602338356]
[ 0.170840313179536]
[ 0.175940024020716]
[ 0.181039734861896]
[ 0.186139445703077]
[ 0.191239156544257]
[ 0.196338867385437]
[ 0.201438578226617]
[ 0.206538289067797]
[ 0.211637999908978]
[ 0.216737710750158]
[ 0.221837421591338]
[ 0.226937132432518]
[ 0.232036843273698]
[ 0.237136554114878]
[ 0.242236264956059]
B20=[0.0841452288455124]
[0.0892449396866926]
[0.0943446505278728]
[ 0.099444361369053]
[ 0.104544072210233]
[ 0.109643783051413]
[ 0.114743493892594]
[ 0.119843204733774]
[ 0.124942915574954]
[ 0.130042626416134]
[ 0.135142337257314]
[ 0.140242048098494]
[ 0.145341758939675]
[ 0.150441469780855]
[ 0.155541180622035]
[ 0.160640891463215]
[ 0.165740602304395]
[ 0.170840313145576]
[ 0.175940023986756]
[ 0.181039734827936]
[ 0.186139445669116]
[ 0.191239156510296]
[ 0.196338867351476]
[ 0.201438578192657]
[ 0.206538289033837]
[ 0.211637999875017]
[ 0.216737710716197]
[ 0.221837421557377]
[ 0.226937132398558]
[ 0.232036843239738]
[ 0.237136554080918]
[ 0.242236264922098]
B21=[0.0841452288619621]
[ 0.089244939702081]
[0.0943446505421999]
[0.0994443613823188]
[ 0.104544072222438]
[ 0.109643783062557]
[ 0.114743493902676]
[ 0.119843204742795]
[ 0.124942915582913]
[ 0.130042626423032]
[ 0.135142337263151]
[  0.14024204810327]
[ 0.145341758943389]
[ 0.150441469783508]
[ 0.155541180623627]
[ 0.160640891463746]
[ 0.165740602303865]
[ 0.170840313143984]
[ 0.175940023984103]
[ 0.181039734824221]
[  0.18613944566434]
[ 0.191239156504459]
[ 0.196338867344578]
[ 0.201438578184697]
[ 0.206538289024816]
[ 0.211637999864935]
[ 0.216737710705054]
[ 0.221837421545173]
[ 0.226937132385292]
[ 0.232036843225411]
[  0.23713655406553]
[ 0.242236264905648]
B22=[0.0841452288647894]
[0.0892449397049083]
[0.0943446505450272]
[0.0994443613851461]
[ 0.104544072225265]
[ 0.109643783065384]
[ 0.114743493905503]
[ 0.119843204745622]
[ 0.124942915585741]
[  0.13004262642586]
[ 0.135142337265979]
[ 0.140242048106097]
[ 0.145341758946216]
[ 0.150441469786335]
[ 0.155541180626454]
[ 0.160640891466573]
[ 0.165740602306692]
[ 0.170840313146811]
[  0.17594002398693]
[ 0.181039734827049]
[ 0.186139445667168]
[ 0.191239156507287]
[ 0.196338867347406]
[ 0.201438578187524]
[ 0.206538289027643]
[ 0.211637999867762]
[ 0.216737710707881]
[    0.221837421548]
[ 0.226937132388119]
[ 0.232036843228238]
[ 0.237136554068357]
[ 0.242236264908476]
B23=[0.0841452288634199]
[0.0892449397036272]
[0.0943446505438344]
[0.0994443613840417]
[ 0.104544072224249]
[ 0.109643783064456]
[ 0.114743493904664]
[ 0.119843204744871]
[ 0.124942915585078]
[ 0.130042626425285]
[ 0.135142337265493]
[   0.1402420481057]
[ 0.145341758945907]
[ 0.150441469786114]
[ 0.155541180626322]
[ 0.160640891466529]
[ 0.165740602306736]
[ 0.170840313146943]
[ 0.175940023987151]
[ 0.181039734827358]
[ 0.186139445667565]
[ 0.191239156507773]
[  0.19633886734798]
[ 0.201438578188187]
[ 0.206538289028394]
[ 0.211637999868602]
[ 0.216737710708809]
[ 0.221837421549016]
[ 0.226937132389223]
[ 0.232036843229431]
[ 0.237136554069638]
[ 0.242236264909845]
B24=[0.0841452288631845]
[0.0892449397033918]
[0.0943446505435991]
[0.0994443613838063]
[ 0.104544072224014]
[ 0.109643783064221]
[ 0.114743493904428]
[ 0.119843204744635]
[ 0.124942915584843]
[  0.13004262642505]
[ 0.135142337265257]
[ 0.140242048105464]
[ 0.145341758945672]
[ 0.150441469785879]
[ 0.155541180626086]
[ 0.160640891466294]
[ 0.165740602306501]
[ 0.170840313146708]
[ 0.175940023986915]
[ 0.181039734827123]
[  0.18613944566733]
[ 0.191239156507537]
[ 0.196338867347744]
[ 0.201438578187952]
[ 0.206538289028159]
[ 0.211637999868366]
[ 0.216737710708574]
[ 0.221837421548781]
[ 0.226937132388988]
[ 0.232036843229195]
[ 0.237136554069403]
[  0.24223626490961]
B25=[0.0841452288632985]
[0.0892449397034984]
[0.0943446505436984]
[0.0994443613838983]
[ 0.104544072224098]
[ 0.109643783064298]
[ 0.114743493904498]
[ 0.119843204744698]
[ 0.124942915584898]
[ 0.130042626425098]
[ 0.135142337265298]
[ 0.140242048105498]
[ 0.145341758945698]
[ 0.150441469785897]
[ 0.155541180626097]
[ 0.160640891466297]
[ 0.165740602306497]
[ 0.170840313146697]
[ 0.175940023986897]
[ 0.181039734827097]
[ 0.186139445667297]
[ 0.191239156507497]
[ 0.196338867347697]
[ 0.201438578187897]
[ 0.206538289028096]
[ 0.211637999868296]
[ 0.216737710708496]
[ 0.221837421548696]
[ 0.226937132388896]
[ 0.232036843229096]
[ 0.237136554069296]
[ 0.242236264909496]
B26=[0.0841452288633181]
[ 0.089244939703518]
[ 0.094344650543718]
[0.0994443613839179]
[ 0.104544072224118]
[ 0.109643783064318]
[ 0.114743493904518]
[ 0.119843204744718]
[ 0.124942915584917]
[ 0.130042626425117]
[ 0.135142337265317]
[ 0.140242048105517]
[ 0.145341758945717]
[ 0.150441469785917]
[ 0.155541180626117]
[ 0.160640891466317]
[ 0.165740602306517]
[ 0.170840313146717]
[ 0.175940023986917]
[ 0.181039734827116]
[ 0.186139445667316]
[ 0.191239156507516]
[ 0.196338867347716]
[ 0.201438578187916]
[ 0.206538289028116]
[ 0.211637999868316]
[ 0.216737710708516]
[ 0.221837421548716]
[ 0.226937132388916]
[ 0.232036843229116]
[ 0.237136554069316]
[ 0.242236264909515]
B27=[0.0841452288633086]
[0.0892449397035092]
[0.0943446505437097]
[0.0994443613839102]
[ 0.104544072224111]
[ 0.109643783064311]
[ 0.114743493904512]
[ 0.119843204744712]
[ 0.124942915584913]
[ 0.130042626425113]
[ 0.135142337265314]
[ 0.140242048105514]
[ 0.145341758945715]
[ 0.150441469785915]
[ 0.155541180626116]
[ 0.160640891466317]
[ 0.165740602306517]
[ 0.170840313146718]
[ 0.175940023986918]
[ 0.181039734827119]
[ 0.186139445667319]
[  0.19123915650752]
[  0.19633886734772]
[ 0.201438578187921]
[ 0.206538289028121]
[ 0.211637999868322]
[ 0.216737710708522]
[ 0.221837421548723]
[ 0.226937132388923]
[ 0.232036843229124]
[ 0.237136554069324]
[ 0.242236264909525]
B28=[ 0.084145228863307]
[0.0892449397035075]
[0.0943446505437081]
[0.0994443613839086]
[ 0.104544072224109]
[  0.10964378306431]
[  0.11474349390451]
[ 0.119843204744711]
[ 0.124942915584911]
[ 0.130042626425112]
[ 0.135142337265312]
[ 0.140242048105513]
[ 0.145341758945713]
[ 0.150441469785914]
[ 0.155541180626114]
[ 0.160640891466315]
[ 0.165740602306515]
[ 0.170840313146716]
[ 0.175940023986916]
[ 0.181039734827117]
[ 0.186139445667318]
[ 0.191239156507518]
[ 0.196338867347719]
[ 0.201438578187919]
[  0.20653828902812]
[  0.21163799986832]
[ 0.216737710708521]
[ 0.221837421548721]
[ 0.226937132388922]
[ 0.232036843229122]
[ 0.237136554069323]
[ 0.242236264909523]
B29=[0.0841452288633078]
[0.0892449397035083]
[0.0943446505437087]
[0.0994443613839092]
[  0.10454407222411]
[  0.10964378306431]
[ 0.114743493904511]
[ 0.119843204744711]
[ 0.124942915584912]
[ 0.130042626425112]
[ 0.135142337265313]
[ 0.140242048105513]
[ 0.145341758945713]
[ 0.150441469785914]
[ 0.155541180626114]
[ 0.160640891466315]
[ 0.165740602306515]
[ 0.170840313146716]
[ 0.175940023986916]
[ 0.181039734827117]
[ 0.186139445667317]
[ 0.191239156507518]
[ 0.196338867347718]
[ 0.201438578187919]
[ 0.206538289028119]
[  0.21163799986832]
[  0.21673771070852]
[ 0.221837421548721]
[ 0.226937132388921]
[ 0.232036843229122]
[ 0.237136554069322]
[ 0.242236264909522]
B30=[0.0841452288633079]
[0.0892449397035084]
[0.0943446505437089]
[0.0994443613839094]
[  0.10454407222411]
[  0.10964378306431]
[ 0.114743493904511]
[ 0.119843204744711]
[ 0.124942915584912]
[ 0.130042626425112]
[ 0.135142337265313]
[ 0.140242048105513]
[ 0.145341758945714]
[ 0.150441469785914]
[ 0.155541180626115]
[ 0.160640891466315]
[ 0.165740602306516]
[ 0.170840313146716]
[ 0.175940023986916]
[ 0.181039734827117]
[ 0.186139445667317]
[ 0.191239156507518]
[ 0.196338867347718]
[ 0.201438578187919]
[ 0.206538289028119]
[  0.21163799986832]
[  0.21673771070852]
[ 0.221837421548721]
[ 0.226937132388921]
[ 0.232036843229122]
[ 0.237136554069322]
[ 0.242236264909523]
B31=[0.0841452288633079]
[0.0892449397035083]
[0.0943446505437088]
[0.0994443613839093]
[  0.10454407222411]
[  0.10964378306431]
[ 0.114743493904511]
[ 0.119843204744711]
[ 0.124942915584912]
[ 0.130042626425112]
[ 0.135142337265313]
[ 0.140242048105513]
[ 0.145341758945714]
[ 0.150441469785914]
[ 0.155541180626115]
[ 0.160640891466315]
[ 0.165740602306516]
[ 0.170840313146716]
[ 0.175940023986916]
[ 0.181039734827117]
[ 0.186139445667317]
[ 0.191239156507518]
[ 0.196338867347718]
[ 0.201438578187919]
[ 0.206538289028119]
[  0.21163799986832]
[  0.21673771070852]
[ 0.221837421548721]
[ 0.226937132388921]
[ 0.232036843229122]
[ 0.237136554069322]
[ 0.242236264909523]
B32=[0.0841452288633079]
[0.0892449397035083]
[0.0943446505437088]
[0.0994443613839093]
[  0.10454407222411]
[  0.10964378306431]
[ 0.114743493904511]
[ 0.119843204744711]
[ 0.124942915584912]
[ 0.130042626425112]
[ 0.135142337265313]
[ 0.140242048105513]
[ 0.145341758945714]
[ 0.150441469785914]
[ 0.155541180626115]
[ 0.160640891466315]
[ 0.165740602306516]
[ 0.170840313146716]
[ 0.175940023986916]
[ 0.181039734827117]
[ 0.186139445667317]
[ 0.191239156507518]
[ 0.196338867347718]
[ 0.201438578187919]
[ 0.206538289028119]
[  0.21163799986832]
[  0.21673771070852]
[ 0.221837421548721]
[ 0.226937132388921]
[ 0.232036843229122]
[ 0.237136554069322]
[ 0.242236264909523]
B33=[0.0841452288633079]
[0.0892449397035083]
[0.0943446505437088]
[0.0994443613839093]
[  0.10454407222411]
[  0.10964378306431]
[ 0.114743493904511]
[ 0.119843204744711]
[ 0.124942915584912]
[ 0.130042626425112]
[ 0.135142337265313]
[ 0.140242048105513]
[ 0.145341758945714]
[ 0.150441469785914]
[ 0.155541180626115]
[ 0.160640891466315]
[ 0.165740602306516]
[ 0.170840313146716]
[ 0.175940023986916]
[ 0.181039734827117]
[ 0.186139445667317]
[ 0.191239156507518]
[ 0.196338867347718]
[ 0.201438578187919]
[ 0.206538289028119]
[  0.21163799986832]
[  0.21673771070852]
[ 0.221837421548721]
[ 0.226937132388921]
[ 0.232036843229122]
[ 0.237136554069322]
[ 0.242236264909523]
B34=[0.0841452288633079]
[0.0892449397035083]
[0.0943446505437088]
[0.0994443613839093]
[  0.10454407222411]
[  0.10964378306431]
[ 0.114743493904511]
[ 0.119843204744711]
[ 0.124942915584912]
[ 0.130042626425112]
[ 0.135142337265313]
[ 0.140242048105513]
[ 0.145341758945714]
[ 0.150441469785914]
[ 0.155541180626115]
[ 0.160640891466315]
[ 0.165740602306516]
[ 0.170840313146716]
[ 0.175940023986916]
[ 0.181039734827117]
[ 0.186139445667317]
[ 0.191239156507518]
[ 0.196338867347718]
[ 0.201438578187919]
[ 0.206538289028119]
[  0.21163799986832]
[  0.21673771070852]
[ 0.221837421548721]
[ 0.226937132388921]
[ 0.232036843229122]
[ 0.237136554069322]
[ 0.242236264909523]
B35=[0.0841452288633079]
[0.0892449397035083]
[0.0943446505437088]
[0.0994443613839093]
[  0.10454407222411]
[  0.10964378306431]
[ 0.114743493904511]
[ 0.119843204744711]
[ 0.124942915584912]
[ 0.130042626425112]
[ 0.135142337265313]
[ 0.140242048105513]
[ 0.145341758945714]
[ 0.150441469785914]
[ 0.155541180626115]
[ 0.160640891466315]
[ 0.165740602306516]
[ 0.170840313146716]
[ 0.175940023986916]
[ 0.181039734827117]
[ 0.186139445667317]
[ 0.191239156507518]
[ 0.196338867347718]
[ 0.201438578187919]
[ 0.206538289028119]
[  0.21163799986832]
[  0.21673771070852]
[ 0.221837421548721]
[ 0.226937132388921]
[ 0.232036843229122]
[ 0.237136554069322]
[ 0.242236264909523]



B36=[0.475997295469912]
[0.504845616407482]
[0.533693937345053]
[0.562542258282623]
[0.591390579220194]
[0.620238900157764]
[0.649087221095335]
[0.677935542032905]
[0.706783862970475]
[0.735632183908046]
[0.764480504845616]
[0.793328825783187]
[0.822177146720757]
[0.851025467658328]
[0.879873788595898]
[0.908722109533469]
[0.937570430471039]
[0.966418751408609]
[ 0.99526707234618]
[ 1.02411539328375]
[ 1.05296371422132]
[ 1.08181203515889]
[ 1.11066035609646]
[ 1.13950867703403]
[  1.1683569979716]
[ 1.19720531890917]
[ 1.22605363984674]
[ 1.25490196078431]
[ 1.28375028172188]
[ 1.31259860265945]
[ 1.34144692359702]
[  1.3702952445346]