n=4
K=[2.21892110776078e-26  -0.0625   -0.125  -0.1875]
[              0.0625      0.0  -0.0625   -0.125]
[               0.125   0.0625      0.0  -0.0625]
[              0.1875    0.125   0.0625      0.0]
E=[0.5]
[0.5]
[0.5]
[0.5]
B1=[0.0]
[0.0]
[0.0]
[0.0]
B2=[0.5]
[0.5]
[0.5]
[0.5]
B3=[0.3125]
[0.4375]
[0.5625]
[0.6875]
B4=[0.2734375]
[0.3984375]
[0.5234375]
[0.6484375]
B5=[0.2880859375]
[0.4033203125]
[0.5185546875]
[0.6337890625]
B6=[0.2911376953125]
[0.4063720703125]
[0.5216064453125]
[0.6368408203125]
B7=[0.289993286132813]
[0.405990600585938]
[0.521987915039063]
[0.637985229492188]
B8=[0.289754867553711]
[0.405752182006836]
[0.521749496459961]
[0.637746810913086]
B9=[0.289844274520874]
[0.405781984329224]
[0.521719694137573]
[0.637657403945923]
B10=[0.289862900972366]
[0.405800610780716]
[0.521738320589066]
[0.637676030397415]
B11=[0.289855916053057]
[0.405798282474279]
[0.521740648895502]
[0.637683015316725]
B12=[0.289854460861534]
[0.405796827282757]
[0.521739193703979]
[0.637681560125202]
B13=[0.289855006558355]
[0.405797009181697]
[0.521739011805039]
[0.637681014428381]
B14=[0.289855120245193]
[0.405797122868535]
[0.521739125491877]
[0.637681128115219]
B15=[0.289855077612629]
[ 0.40579710865768]
[0.521739139702731]
[0.637681170747783]
B16=[0.289855068730844]
[0.405797099775896]
[0.521739130820947]
[0.637681161865999]
B17=[0.289855072061513]
[0.405797100886119]
[0.521739129710724]
[0.637681158535329]
B18=[0.289855072755403]
[0.405797101580008]
[0.521739130404614]
[0.637681159229219]
B19=[0.289855072495194]
[0.405797101493272]
[ 0.52173913049135]
[0.637681159489427]
B20=[0.289855072440984]
[0.405797101439062]
[ 0.52173913043714]
[0.637681159435217]
B21=[0.289855072461313]
[0.405797101445838]
[0.521739130430363]
[0.637681159414889]
B22=[0.289855072465548]
[0.405797101450073]
[0.521739130434598]
[0.637681159419124]
B23=[ 0.28985507246396]
[0.405797101449544]
[0.521739130435128]
[0.637681159420712]
B24=[0.289855072463629]
[0.405797101449213]
[0.521739130434797]
[0.637681159420381]
B25=[0.289855072463753]
[0.405797101449254]
[0.521739130434756]
[0.637681159420257]
B26=[0.289855072463779]
[ 0.40579710144928]
[0.521739130434781]
[0.637681159420283]
B27=[0.289855072463769]
[0.405797101449277]
[0.521739130434785]
[0.637681159420292]
B28=[0.289855072463767]
[0.405797101449275]
[0.521739130434783]
[ 0.63768115942029]
B29=[0.289855072463768]
[0.405797101449275]
[0.521739130434782]
[ 0.63768115942029]
B30=[0.289855072463768]
[0.405797101449275]
[0.521739130434783]
[ 0.63768115942029]
B31=[0.289855072463768]
[0.405797101449275]
[0.521739130434783]
[ 0.63768115942029]
B32=[0.579710144927536]
[0.811594202898551]
[ 1.04347826086957]
[ 1.27536231884058]