n=8
K=[1.37379788773463e-25  -0.015625   -0.03125  -0.046875    -0.0625  -0.078125   -0.09375  -0.109375]
[            0.015625        0.0  -0.015625   -0.03125  -0.046875    -0.0625  -0.078125   -0.09375]
[             0.03125   0.015625        0.0  -0.015625   -0.03125  -0.046875    -0.0625  -0.078125]
[            0.046875    0.03125   0.015625        0.0  -0.015625   -0.03125  -0.046875    -0.0625]
[              0.0625   0.046875    0.03125   0.015625        0.0  -0.015625   -0.03125  -0.046875]
[            0.078125     0.0625   0.046875    0.03125   0.015625        0.0  -0.015625   -0.03125]
[             0.09375   0.078125     0.0625   0.046875    0.03125   0.015625        0.0  -0.015625]
[            0.109375    0.09375   0.078125     0.0625   0.046875    0.03125   0.015625        0.0]
E=[0.353553390593274]
[0.353553390593274]
[0.353553390593274]
[0.353553390593274]
[0.353553390593274]
[0.353553390593274]
[0.353553390593274]
[0.353553390593274]
B1=[0.0]
[0.0]
[0.0]
[0.0]
[0.0]
[0.0]
[0.0]
[0.0]
B2=[0.353553390593274]
[0.353553390593274]
[0.353553390593274]
[0.353553390593274]
[0.353553390593274]
[0.353553390593274]
[0.353553390593274]
[0.353553390593274]
B3=[0.198873782208716]
[0.243067956032876]
[0.287262129857035]
[0.331456303681194]
[0.375650477505353]
[0.419844651329513]
[0.464038825153672]
[0.508232998977831]
B4=[0.169871355636612]
[0.214065529460771]
[ 0.25825970328493]
[ 0.30245387710909]
[0.346648050933249]
[0.390842224757408]
[0.435036398581567]
[0.479230572405727]
B5=[0.182559917261908]
[0.223128787764554]
[  0.2636976582672]
[0.304266528769846]
[0.344835399272492]
[0.385404269775138]
[0.425973140277785]
[0.466542010780431]
B6=[0.184939022566651]
[0.225507893069297]
[0.266076763571943]
[0.306645634074589]
[0.347214504577235]
[0.387783375079881]
[0.428352245582528]
[0.468921116085174]
B7=[0.183898163995826]
[0.224764422661565]
[0.265630681327304]
[0.306496939993043]
[0.347363198658782]
[0.388229457324521]
[ 0.42909571599026]
[0.469961974655999]
B8=[0.183703003013796]
[0.224569261679535]
[0.265435520345274]
[0.306301779011013]
[0.347168037676752]
[0.388034296342491]
[ 0.42890055500823]
[0.469766813673969]
B9=[0.183788385943434]
[0.224630249486419]
[0.265472113029404]
[ 0.30631397657239]
[0.347155840115375]
[ 0.38799770365836]
[0.428839567201346]
[0.469681430744331]
B10=[0.183804395242741]
[0.224646258785726]
[0.265488122328712]
[0.306329985871697]
[0.347171849414682]
[0.388013712957668]
[0.428855576500653]
[0.469697440043638]
B11=[0.183797391174294]
[0.224641255879693]
[0.265485120585092]
[ 0.30632898529049]
[0.347172849995889]
[0.388016714701288]
[0.428860579406686]
[0.469704444112085]
B12=[ 0.18379607791146]
[0.224639942616859]
[0.265483807322258]
[0.306327672027656]
[0.347171536733055]
[0.388015401438454]
[0.428859266143853]
[0.469703130849251]
B13=[ 0.18379665246395]
[0.224640353011495]
[0.265484053559039]
[0.306327754106584]
[0.347171454654128]
[0.388015155201673]
[0.428858855749217]
[0.469702556296761]
B14=[0.183796760192542]
[0.224640460740086]
[0.265484161287631]
[0.306327861835175]
[ 0.34717156238272]
[0.388015262930264]
[0.428858963477809]
[0.469702664025353]
B15=[0.183796713061283]
[0.224640427074902]
[ 0.26548414108852]
[0.306327855102138]
[0.347171569115757]
[0.388015283129375]
[0.428858997142994]
[0.469702711156612]
B16=[0.183796704224172]
[ 0.22464041823779]
[0.265484132251409]
[0.306327846265027]
[0.347171560278646]
[0.388015274292264]
[0.428858988305883]
[0.469702702319501]
B17=[0.183796708090408]
[0.224640420999388]
[0.265484133908367]
[0.306327846817347]
[0.347171559726326]
[0.388015272635306]
[0.428858985544286]
[0.469702698453265]
B18=[0.183796708815327]
[0.224640421724307]
[0.265484134633286]
[0.306327847542266]
[0.347171560451246]
[0.388015273360225]
[0.428858986269205]
[0.469702699178184]
B19=[0.183796708498175]
[ 0.22464042149777]
[0.265484134497364]
[0.306327847496959]
[0.347171560496553]
[0.388015273496148]
[0.428858986495742]
[0.469702699495337]
B20=[0.183796708438709]
[0.224640421438304]
[0.265484134437898]
[0.306327847437493]
[0.347171560437087]
[0.388015273436682]
[0.428858986436276]
[0.469702699435871]
B21=[0.183796708464726]
[0.224640421456887]
[0.265484134449048]
[0.306327847441209]
[ 0.34717156043337]
[0.388015273425532]
[0.428858986417693]
[0.469702699409854]
B22=[0.183796708469604]
[0.224640421461765]
[0.265484134453926]
[0.306327847446087]
[0.347171560438249]
[ 0.38801527343041]
[0.428858986422571]
[0.469702699414732]
B23=[0.183796708467469]
[ 0.22464042146024]
[0.265484134453011]
[0.306327847445782]
[0.347171560438553]
[0.388015273431324]
[0.428858986424095]
[0.469702699416866]
B24=[0.183796708467069]
[ 0.22464042145984]
[0.265484134452611]
[0.306327847445382]
[0.347171560438153]
[0.388015273430924]
[0.428858986423695]
[0.469702699416466]
B25=[0.183796708467244]
[0.224640421459965]
[0.265484134452686]
[0.306327847445407]
[0.347171560438128]
[0.388015273430849]
[ 0.42885898642357]
[0.469702699416291]
B26=[0.183796708467277]
[0.224640421459998]
[0.265484134452719]
[ 0.30632784744544]
[0.347171560438161]
[0.388015273430882]
[0.428858986423603]
[0.469702699416324]
B27=[0.183796708467263]
[0.224640421459988]
[0.265484134452713]
[0.306327847445438]
[0.347171560438163]
[0.388015273430888]
[0.428858986423613]
[0.469702699416338]
B28=[ 0.18379670846726]
[0.224640421459985]
[ 0.26548413445271]
[0.306327847445435]
[ 0.34717156043816]
[0.388015273430885]
[0.428858986423611]
[0.469702699416336]
B29=[0.183796708467261]
[0.224640421459986]
[0.265484134452711]
[0.306327847445436]
[ 0.34717156043816]
[0.388015273430885]
[ 0.42885898642361]
[0.469702699416334]
B30=[0.183796708467262]
[0.224640421459986]
[0.265484134452711]
[0.306327847445436]
[ 0.34717156043816]
[0.388015273430885]
[ 0.42885898642361]
[0.469702699416335]
B31=[0.183796708467261]
[0.224640421459986]
[0.265484134452711]
[0.306327847445436]
[ 0.34717156043816]
[0.388015273430885]
[ 0.42885898642361]
[0.469702699416335]
B32=[0.183796708467261]
[0.224640421459986]
[0.265484134452711]
[0.306327847445436]
[ 0.34717156043816]
[0.388015273430885]
[ 0.42885898642361]
[0.469702699416335]
B33=[ 0.51985559566787]
[0.635379061371841]
[0.750902527075812]
[0.866425992779783]
[0.981949458483754]
[ 1.09747292418773]
[  1.2129963898917]
[ 1.32851985559567]