n=16
K=[1.38682569235049e-27  -0.00390625   -0.0078125  -0.01171875    -0.015625  -0.01953125   -0.0234375  -0.02734375     -0.03125  -0.03515625   -0.0390625  -0.04296875    -0.046875  -0.05078125   -0.0546875  -0.05859375]
[          0.00390625          0.0  -0.00390625   -0.0078125  -0.01171875    -0.015625  -0.01953125   -0.0234375  -0.02734375     -0.03125  -0.03515625   -0.0390625  -0.04296875    -0.046875  -0.05078125   -0.0546875]
[           0.0078125   0.00390625          0.0  -0.00390625   -0.0078125  -0.01171875    -0.015625  -0.01953125   -0.0234375  -0.02734375     -0.03125  -0.03515625   -0.0390625  -0.04296875    -0.046875  -0.05078125]
[          0.01171875    0.0078125   0.00390625          0.0  -0.00390625   -0.0078125  -0.01171875    -0.015625  -0.01953125   -0.0234375  -0.02734375     -0.03125  -0.03515625   -0.0390625  -0.04296875    -0.046875]
[            0.015625   0.01171875    0.0078125   0.00390625          0.0  -0.00390625   -0.0078125  -0.01171875    -0.015625  -0.01953125   -0.0234375  -0.02734375     -0.03125  -0.03515625   -0.0390625  -0.04296875]
[          0.01953125     0.015625   0.01171875    0.0078125   0.00390625          0.0  -0.00390625   -0.0078125  -0.01171875    -0.015625  -0.01953125   -0.0234375  -0.02734375     -0.03125  -0.03515625   -0.0390625]
[           0.0234375   0.01953125     0.015625   0.01171875    0.0078125   0.00390625          0.0  -0.00390625   -0.0078125  -0.01171875    -0.015625  -0.01953125   -0.0234375  -0.02734375     -0.03125  -0.03515625]
[          0.02734375    0.0234375   0.01953125     0.015625   0.01171875    0.0078125   0.00390625          0.0  -0.00390625   -0.0078125  -0.01171875    -0.015625  -0.01953125   -0.0234375  -0.02734375     -0.03125]
[             0.03125   0.02734375    0.0234375   0.01953125     0.015625   0.01171875    0.0078125   0.00390625          0.0  -0.00390625   -0.0078125  -0.01171875    -0.015625  -0.01953125   -0.0234375  -0.02734375]
[          0.03515625      0.03125   0.02734375    0.0234375   0.01953125     0.015625   0.01171875    0.0078125   0.00390625          0.0  -0.00390625   -0.0078125  -0.01171875    -0.015625  -0.01953125   -0.0234375]
[           0.0390625   0.03515625      0.03125   0.02734375    0.0234375   0.01953125     0.015625   0.01171875    0.0078125   0.00390625          0.0  -0.00390625   -0.0078125  -0.01171875    -0.015625  -0.01953125]
[          0.04296875    0.0390625   0.03515625      0.03125   0.02734375    0.0234375   0.01953125     0.015625   0.01171875    0.0078125   0.00390625          0.0  -0.00390625   -0.0078125  -0.01171875    -0.015625]
[            0.046875   0.04296875    0.0390625   0.03515625      0.03125   0.02734375    0.0234375   0.01953125     0.015625   0.01171875    0.0078125   0.00390625          0.0  -0.00390625   -0.0078125  -0.01171875]
[          0.05078125     0.046875   0.04296875    0.0390625   0.03515625      0.03125   0.02734375    0.0234375   0.01953125     0.015625   0.01171875    0.0078125   0.00390625          0.0  -0.00390625   -0.0078125]
[           0.0546875   0.05078125     0.046875   0.04296875    0.0390625   0.03515625      0.03125   0.02734375    0.0234375   0.01953125     0.015625   0.01171875    0.0078125   0.00390625          0.0  -0.00390625]
[          0.05859375    0.0546875   0.05078125     0.046875   0.04296875    0.0390625   0.03515625      0.03125   0.02734375    0.0234375   0.01953125     0.015625   0.01171875    0.0078125   0.00390625          0.0]
E=[0.25]
[0.25]
[0.25]
[0.25]
[0.25]
[0.25]
[0.25]
[0.25]
[0.25]
[0.25]
[0.25]
[0.25]
[0.25]
[0.25]
[0.25]
[0.25]



B7=[0.490812569856644]
[0.548555225133896]
[0.606297880411148]
[  0.6640405356884]
[0.721783190965652]
[0.779525846242905]
[0.837268501520157]
[0.895011156797409]
[0.952753812074661]
[ 1.01049646735191]
[ 1.06823912262917]
[ 1.12598177790642]
[ 1.18372443318367]
[ 1.24146708846092]
[ 1.29920974373817]
[ 1.35695239901543]thres=1e-05
num=0.000278069659193952
den=0.923076923076923
relative_error0.000301242130793448
relative_error_%0.0301242130793448 % 
