n=16
K=[                0.0  0.25  0.0883883476483185  0.0883883476483185  0.03125  0.03125  0.03125  0.03125  0.0110485434560398  0.0110485434560398  0.0110485434560398  0.0110485434560398  0.0110485434560398  0.0110485434560398  0.0110485434560398  0.0110485434560398]
[              -0.25   0.0                 0.0                 0.0      0.0      0.0      0.0      0.0                 0.0                 0.0                 0.0                 0.0                 0.0                 0.0                 0.0                 0.0]
[-0.0883883476483185   0.0                 0.0                 0.0      0.0      0.0      0.0      0.0                 0.0                 0.0                 0.0                 0.0                 0.0                 0.0                 0.0                 0.0]
[-0.0883883476483185   0.0                 0.0                 0.0      0.0      0.0      0.0      0.0                 0.0                 0.0                 0.0                 0.0                 0.0                 0.0                 0.0                 0.0]
[           -0.03125   0.0                 0.0                 0.0      0.0      0.0      0.0      0.0                 0.0                 0.0                 0.0                 0.0                 0.0                 0.0                 0.0                 0.0]
[           -0.03125   0.0                 0.0                 0.0      0.0      0.0      0.0      0.0                 0.0                 0.0                 0.0                 0.0                 0.0                 0.0                 0.0                 0.0]
[           -0.03125   0.0                 0.0                 0.0      0.0      0.0      0.0      0.0                 0.0                 0.0                 0.0                 0.0                 0.0                 0.0                 0.0                 0.0]
[           -0.03125   0.0                 0.0                 0.0      0.0      0.0      0.0      0.0                 0.0                 0.0                 0.0                 0.0                 0.0                 0.0                 0.0                 0.0]
[-0.0110485434560398   0.0                 0.0                 0.0      0.0      0.0      0.0      0.0                 0.0                 0.0                 0.0                 0.0                 0.0                 0.0                 0.0                 0.0]
[-0.0110485434560398   0.0                 0.0                 0.0      0.0      0.0      0.0      0.0                 0.0                 0.0                 0.0                 0.0                 0.0                 0.0                 0.0                 0.0]
[-0.0110485434560398   0.0                 0.0                 0.0      0.0      0.0      0.0      0.0                 0.0                 0.0                 0.0                 0.0                 0.0                 0.0                 0.0                 0.0]
[-0.0110485434560398   0.0                 0.0                 0.0      0.0      0.0      0.0      0.0                 0.0                 0.0                 0.0                 0.0                 0.0                 0.0                 0.0                 0.0]
[-0.0110485434560398   0.0                 0.0                 0.0      0.0      0.0      0.0      0.0                 0.0                 0.0                 0.0                 0.0                 0.0                 0.0                 0.0                 0.0]
[-0.0110485434560398   0.0                 0.0                 0.0      0.0      0.0      0.0      0.0                 0.0                 0.0                 0.0                 0.0                 0.0                 0.0                 0.0                 0.0]
[-0.0110485434560398   0.0                 0.0                 0.0      0.0      0.0      0.0      0.0                 0.0                 0.0                 0.0                 0.0                 0.0                 0.0                 0.0                 0.0]
[-0.0110485434560398   0.0                 0.0                 0.0      0.0      0.0      0.0      0.0                 0.0                 0.0                 0.0                 0.0                 0.0                 0.0                 0.0                 0.0]
E=[1.0]
[0.0]
[0.0]
[0.0]
[0.0]
[0.0]
[0.0]
[0.0]
[0.0]
[0.0]
[0.0]
[0.0]
[0.0]
[0.0]
[0.0]
[0.0]
B1=[0.0]
[0.0]
[0.0]
[0.0]
[0.0]
[0.0]
[0.0]
[0.0]
[0.0]
[0.0]
[0.0]
[0.0]
[0.0]
[0.0]
[0.0]
[0.0]
B2=[1.0]
[0.0]
[0.0]
[0.0]
[0.0]
[0.0]
[0.0]
[0.0]
[0.0]
[0.0]
[0.0]
[0.0]
[0.0]
[0.0]
[0.0]
[0.0]
B3=[                1.0]
[              -0.25]
[-0.0883883476483185]
[-0.0883883476483185]
[           -0.03125]
[           -0.03125]
[           -0.03125]
[           -0.03125]
[-0.0110485434560398]
[-0.0110485434560398]
[-0.0110485434560398]
[-0.0110485434560398]
[-0.0110485434560398]
[-0.0110485434560398]
[-0.0110485434560398]
[-0.0110485434560398]



B4=[       0.9169921875]
[              -0.25]
[-0.0883883476483185]
[-0.0883883476483185]
[           -0.03125]
[           -0.03125]
[           -0.03125]
[           -0.03125]
[-0.0110485434560398]
[-0.0110485434560398]
[-0.0110485434560398]
[-0.0110485434560398]
[-0.0110485434560398]
[-0.0110485434560398]
[-0.0110485434560398]
[-0.0110485434560398]


B_phi4=[     0.4482421875]
[     0.5107421875]
[     0.5732421875]
[     0.6357421875]
[     0.6982421875]
[     0.7607421875]
[     0.8232421875]
[     0.8857421875]
[0.948242187500001]
[     1.0107421875]
[     1.0732421875]
[     1.1357421875]
[     1.1982421875]
[     1.2607421875]
[     1.3232421875]
[     1.3857421875]thres=1e-10
num=0.000805561359112089
thres=1e-10
den=0.923076923076923
relative_error0.00087269147237143
relative_error_%0.087269147237143 % 
