n=16
K=[                0.0  0.25  0.0883883476483185  0.0883883476483185  0.0  0.0  0.0  0.0  0.0  0.0  0.0  0.0  0.0  0.0  0.0  0.0]
[              -0.25   0.0                 0.0                 0.0  0.0  0.0  0.0  0.0  0.0  0.0  0.0  0.0  0.0  0.0  0.0  0.0]
[-0.0883883476483185   0.0                 0.0                 0.0  0.0  0.0  0.0  0.0  0.0  0.0  0.0  0.0  0.0  0.0  0.0  0.0]
[-0.0883883476483185   0.0                 0.0                 0.0  0.0  0.0  0.0  0.0  0.0  0.0  0.0  0.0  0.0  0.0  0.0  0.0]
[                0.0   0.0                 0.0                 0.0  0.0  0.0  0.0  0.0  0.0  0.0  0.0  0.0  0.0  0.0  0.0  0.0]
[                0.0   0.0                 0.0                 0.0  0.0  0.0  0.0  0.0  0.0  0.0  0.0  0.0  0.0  0.0  0.0  0.0]
[                0.0   0.0                 0.0                 0.0  0.0  0.0  0.0  0.0  0.0  0.0  0.0  0.0  0.0  0.0  0.0  0.0]
[                0.0   0.0                 0.0                 0.0  0.0  0.0  0.0  0.0  0.0  0.0  0.0  0.0  0.0  0.0  0.0  0.0]
[                0.0   0.0                 0.0                 0.0  0.0  0.0  0.0  0.0  0.0  0.0  0.0  0.0  0.0  0.0  0.0  0.0]
[                0.0   0.0                 0.0                 0.0  0.0  0.0  0.0  0.0  0.0  0.0  0.0  0.0  0.0  0.0  0.0  0.0]
[                0.0   0.0                 0.0                 0.0  0.0  0.0  0.0  0.0  0.0  0.0  0.0  0.0  0.0  0.0  0.0  0.0]
[                0.0   0.0                 0.0                 0.0  0.0  0.0  0.0  0.0  0.0  0.0  0.0  0.0  0.0  0.0  0.0  0.0]
[                0.0   0.0                 0.0                 0.0  0.0  0.0  0.0  0.0  0.0  0.0  0.0  0.0  0.0  0.0  0.0  0.0]
[                0.0   0.0                 0.0                 0.0  0.0  0.0  0.0  0.0  0.0  0.0  0.0  0.0  0.0  0.0  0.0  0.0]
[                0.0   0.0                 0.0                 0.0  0.0  0.0  0.0  0.0  0.0  0.0  0.0  0.0  0.0  0.0  0.0  0.0]
[                0.0   0.0                 0.0                 0.0  0.0  0.0  0.0  0.0  0.0  0.0  0.0  0.0  0.0  0.0  0.0  0.0]
E=[1.0]
[0.0]
[0.0]
[0.0]
[0.0]
[0.0]
[0.0]
[0.0]
[0.0]
[0.0]
[0.0]
[0.0]
[0.0]
[0.0]
[0.0]
[0.0]
B1=[0.0]
[0.0]
[0.0]
[0.0]
[0.0]
[0.0]
[0.0]
[0.0]
[0.0]
[0.0]
[0.0]
[0.0]
[0.0]
[0.0]
[0.0]
[0.0]
B2=[1.0]
[0.0]
[0.0]
[0.0]
[0.0]
[0.0]
[0.0]
[0.0]
[0.0]
[0.0]
[0.0]
[0.0]
[0.0]
[0.0]
[0.0]
[0.0]
B3=[                1.0]
[              -0.25]
[-0.0883883476483185]
[-0.0883883476483185]
[                0.0]
[                0.0]
[                0.0]
[                0.0]
[                0.0]
[                0.0]
[                0.0]
[                0.0]
[                0.0]
[                0.0]
[                0.0]
[                0.0]



B4=[           0.921875]
[              -0.25]
[-0.0883883476483185]
[-0.0883883476483185]
[                0.0]
[                0.0]
[                0.0]
[                0.0]
[                0.0]
[                0.0]
[                0.0]
[                0.0]
[                0.0]
[                0.0]
[                0.0]
[                0.0]


B_phi4=[0.546875]
[0.546875]
[0.546875]
[0.546875]
[0.796875]
[0.796875]
[0.796875]
[0.796875]
[1.046875]
[1.046875]
[1.046875]
[1.046875]
[1.296875]
[1.296875]
[1.296875]
[1.296875]thres=0.05
num=0.00490159254807694
thres=0.05
den=0.923076923076923
relative_error0.00531005859375002
relative_error_%0.531005859375002 % 
