n=16
K=[                0.0  0.25  0.0883883476483185  0.0883883476483185  0.03125  0.03125  0.03125  0.03125  0.0  0.0  0.0  0.0  0.0  0.0  0.0  0.0]
[              -0.25   0.0                 0.0                 0.0      0.0      0.0      0.0      0.0  0.0  0.0  0.0  0.0  0.0  0.0  0.0  0.0]
[-0.0883883476483185   0.0                 0.0                 0.0      0.0      0.0      0.0      0.0  0.0  0.0  0.0  0.0  0.0  0.0  0.0  0.0]
[-0.0883883476483185   0.0                 0.0                 0.0      0.0      0.0      0.0      0.0  0.0  0.0  0.0  0.0  0.0  0.0  0.0  0.0]
[           -0.03125   0.0                 0.0                 0.0      0.0      0.0      0.0      0.0  0.0  0.0  0.0  0.0  0.0  0.0  0.0  0.0]
[           -0.03125   0.0                 0.0                 0.0      0.0      0.0      0.0      0.0  0.0  0.0  0.0  0.0  0.0  0.0  0.0  0.0]
[           -0.03125   0.0                 0.0                 0.0      0.0      0.0      0.0      0.0  0.0  0.0  0.0  0.0  0.0  0.0  0.0  0.0]
[           -0.03125   0.0                 0.0                 0.0      0.0      0.0      0.0      0.0  0.0  0.0  0.0  0.0  0.0  0.0  0.0  0.0]
[                0.0   0.0                 0.0                 0.0      0.0      0.0      0.0      0.0  0.0  0.0  0.0  0.0  0.0  0.0  0.0  0.0]
[                0.0   0.0                 0.0                 0.0      0.0      0.0      0.0      0.0  0.0  0.0  0.0  0.0  0.0  0.0  0.0  0.0]
[                0.0   0.0                 0.0                 0.0      0.0      0.0      0.0      0.0  0.0  0.0  0.0  0.0  0.0  0.0  0.0  0.0]
[                0.0   0.0                 0.0                 0.0      0.0      0.0      0.0      0.0  0.0  0.0  0.0  0.0  0.0  0.0  0.0  0.0]
[                0.0   0.0                 0.0                 0.0      0.0      0.0      0.0      0.0  0.0  0.0  0.0  0.0  0.0  0.0  0.0  0.0]
[                0.0   0.0                 0.0                 0.0      0.0      0.0      0.0      0.0  0.0  0.0  0.0  0.0  0.0  0.0  0.0  0.0]
[                0.0   0.0                 0.0                 0.0      0.0      0.0      0.0      0.0  0.0  0.0  0.0  0.0  0.0  0.0  0.0  0.0]
[                0.0   0.0                 0.0                 0.0      0.0      0.0      0.0      0.0  0.0  0.0  0.0  0.0  0.0  0.0  0.0  0.0]
E=[1.0]
[0.0]
[0.0]
[0.0]
[0.0]
[0.0]
[0.0]
[0.0]
[0.0]
[0.0]
[0.0]
[0.0]
[0.0]
[0.0]
[0.0]
[0.0]
B1=[0.0]
[0.0]
[0.0]
[0.0]
[0.0]
[0.0]
[0.0]
[0.0]
[0.0]
[0.0]
[0.0]
[0.0]
[0.0]
[0.0]
[0.0]
[0.0]
B2=[1.0]
[0.0]
[0.0]
[0.0]
[0.0]
[0.0]
[0.0]
[0.0]
[0.0]
[0.0]
[0.0]
[0.0]
[0.0]
[0.0]
[0.0]
[0.0]
B3=[                1.0]
[              -0.25]
[-0.0883883476483185]
[-0.0883883476483185]
[           -0.03125]
[           -0.03125]
[           -0.03125]
[           -0.03125]
[                0.0]
[                0.0]
[                0.0]
[                0.0]
[                0.0]
[                0.0]
[                0.0]
[                0.0]



B4=[         0.91796875]
[              -0.25]
[-0.0883883476483185]
[-0.0883883476483185]
[           -0.03125]
[           -0.03125]
[           -0.03125]
[           -0.03125]
[                0.0]
[                0.0]
[                0.0]
[                0.0]
[                0.0]
[                0.0]
[                0.0]
[                0.0]


B_phi4=[       0.48046875]
[       0.48046875]
[       0.60546875]
[       0.60546875]
[       0.73046875]
[       0.73046875]
[       0.85546875]
[       0.85546875]
[0.980468750000001]
[0.980468750000001]
[       1.10546875]
[       1.10546875]
[       1.23046875]
[       1.23046875]
[       1.35546875]
[       1.35546875]thres=0.02
num=0.00162095289963943
thres=0.02
den=0.923076923076923
relative_error0.00175603230794272
relative_error_%0.175603230794272 % 
