num=0.0104166666666667
thres=0.0
den=0.166666666666667
K_error[0.000651041666666667  0.000651041666666667  0.000651041666666667  0.000651041666666667]
[0.000651041666666667  0.000651041666666667  0.000651041666666667  0.000651041666666667]
[0.000651041666666667  0.000651041666666667  0.000651041666666667  0.000651041666666667]
[0.000651041666666667  0.000651041666666667  0.000651041666666667  0.000651041666666667]
K[5.55111512312578e-17  -0.25   -0.5                  -0.75]
[                0.25    0.0  -0.25                   -0.5]
[                 0.5   0.25    0.0                  -0.25]
[                0.75    0.5   0.25  -5.55111512312578e-17]
K_dwt[                0.0  0.25  0.0883883476483185  0.0883883476483185]
[              -0.25   0.0                 0.0                 0.0]
[-0.0883883476483185   0.0                 0.0                 0.0]
[-0.0883883476483185   0.0                 0.0                 0.0]
relative_error0.0625
relative_error_%6.25 % 
