n=4
K=[2.21892110776078e-26    -0.0180421959166667             -0.0625    -0.0180421959166667              -0.125    -0.0180421959166667             -0.1875    -0.0180421959166667]
[  0.0180421959166667   -5.6424006247875e-19  0.0180421959166667  -5.64240521130293e-19  0.0180421959166667  -5.64239356147968e-19  0.0180421959166667  -5.64239845416183e-19]
[              0.0625    -0.0180421959166667                 0.0    -0.0180421959166667             -0.0625    -0.0180421959166667              -0.125    -0.0180421959166667]
[  0.0180421959166667  -5.64238518637197e-19  0.0180421959166667  -5.64239960852474e-19  0.0180421959166667  -5.64239398250722e-19  0.0180421959166667  -5.64239068782283e-19]
[               0.125    -0.0180421959166667              0.0625    -0.0180421959166667                 0.0    -0.0180421959166667             -0.0625    -0.0180421959166667]
[  0.0180421959166667  -5.64238935285263e-19  0.0180421959166667  -5.64240063578843e-19  0.0180421959166667  -5.64239389953849e-19  0.0180421959166667  -5.64239970691019e-19]
[              0.1875    -0.0180421959166667               0.125    -0.0180421959166667              0.0625    -0.0180421959166667                 0.0    -0.0180421959166667]
[  0.0180421959166667  -5.64241021202339e-19  0.0180421959166667  -5.64239658269629e-19  0.0180421959166667  -5.64239790787905e-19  0.0180421959166667  -5.64239389953849e-19]
E=[0.5]
[0.0]
[0.5]
[0.0]
[0.5]
[0.0]
[0.5]
[0.0]
B1=[0.0]
[0.0]
[0.0]
[0.0]
[0.0]
[0.0]
[0.0]
[0.0]
B2=[0.5]
[0.0]
[0.5]
[0.0]
[0.5]
[0.0]
[0.5]
[0.0]
B3=[            0.3125]
[0.0360843918333333]
[            0.4375]
[0.0360843918333333]
[            0.5625]
[0.0360843918333333]
[            0.6875]
[0.0360843918333333]
B4=[ 0.270833333332037]
[0.0360843918333333]
[ 0.395833333332037]
[0.0360843918333333]
[ 0.520833333332037]
[0.0360843918333333]
[ 0.645833333332037]
[0.0360843918333333]
B5=[0.286458333332523]
[0.033077359180462]
[0.401041666665532]
[0.033077359180462]
[0.515624999998542]
[0.033077359180462]
[0.630208333331551]
[0.033077359180462]
B6=[0.289930555554961]
[0.033077359180462]
[0.404513888887971]
[0.033077359180462]
[ 0.51909722222098]
[0.033077359180462]
[0.633680555553989]
[0.033077359180462]
B7=[ 0.288628472221547]
[0.0333279452348757]
[ 0.404079861110166]
[0.0333279452348757]
[ 0.519531249998785]
[0.0333279452348757]
[ 0.634982638887403]
[0.0333279452348757]
B8=[ 0.288339120369668]
[0.0333279452348757]
[ 0.403790509258287]
[0.0333279452348757]
[ 0.519241898146906]
[0.0333279452348757]
[ 0.634693287035525]
[0.0333279452348757]
B9=[ 0.288447627314123]
[0.0333070630636739]
[ 0.403826678239772]
[0.0333070630636739]
[ 0.519205729165421]
[0.0333070630636739]
[  0.63458478009107]
[0.0333070630636739]
B10=[ 0.288471739968447]
[0.0333070630636739]
[ 0.403850790894096]
[0.0333070630636739]
[ 0.519229841819745]
[0.0333070630636739]
[ 0.634608892745394]
[0.0333070630636739]
B11=[ 0.288462697723075]
[0.0333088032446075]
[ 0.403847776812305]
[0.0333088032446075]
[ 0.519232855901535]
[0.0333088032446075]
[ 0.634617934990765]
[0.0333088032446075]
B12=[ 0.288460688335215]
[0.0333088032446075]
[ 0.403845767424445]
[0.0333088032446075]
[ 0.519230846513675]
[0.0333088032446075]
[ 0.634615925602905]
[0.0333088032446075]
B13=[ 0.288461441855662]
[0.0333086582295297]
[ 0.403846018597927]
[0.0333086582295297]
[ 0.519230595340192]
[0.0333086582295297]
[ 0.634615172082457]
[0.0333086582295297]
B14=[ 0.288461609304651]
[0.0333086582295297]
[ 0.403846186046916]
[0.0333086582295297]
[ 0.519230762789181]
[0.0333086582295297]
[ 0.634615339531446]
[0.0333086582295297]
B15=[  0.28846154651128]
[0.0333086703141195]
[ 0.403846165115792]
[0.0333086703141195]
[ 0.519230783720304]
[0.0333086703141195]
[ 0.634615402324817]
[0.0333086703141195]
B16=[ 0.288461532557198]
[0.0333086703141195]
[  0.40384615116171]
[0.0333086703141195]
[ 0.519230769766222]
[0.0333086703141195]
[ 0.634615388370734]
[0.0333086703141195]
B17=[ 0.288461537789979]
[0.0333086693070703]
[  0.40384615290597]
[0.0333086693070703]
[ 0.519230768021962]
[0.0333086693070703]
[ 0.634615383137953]
[0.0333086693070703]
B18=[ 0.288461538952819]
[0.0333086693070703]
[  0.40384615406881]
[0.0333086693070703]
[ 0.519230769184802]
[0.0333086693070703]
[ 0.634615384300793]
[0.0333086693070703]
B19=[ 0.288461538516754]
[0.0333086693909911]
[ 0.403846153923455]
[0.0333086693909911]
[ 0.519230769330157]
[0.0333086693909911]
[ 0.634615384736859]
[0.0333086693909911]
B20=[ 0.288461538419851]
[0.0333086693909911]
[ 0.403846153826552]
[0.0333086693909911]
[ 0.519230769233254]
[0.0333086693909911]
[ 0.634615384639955]
[0.0333086693909911]
B21=[ 0.288461538456189]
[0.0333086693839977]
[ 0.403846153838665]
[0.0333086693839977]
[ 0.519230769221141]
[0.0333086693839977]
[ 0.634615384603616]
[0.0333086693839977]
B22=[ 0.288461538464265]
[0.0333086693839977]
[  0.40384615384674]
[0.0333086693839977]
[ 0.519230769229216]
[0.0333086693839977]
[ 0.634615384611692]
[0.0333086693839977]
B23=[ 0.288461538461236]
[0.0333086693845805]
[ 0.403846153845731]
[0.0333086693845805]
[ 0.519230769230225]
[0.0333086693845805]
[  0.63461538461472]
[0.0333086693845805]
B24=[ 0.288461538460563]
[0.0333086693845805]
[ 0.403846153845058]
[0.0333086693845805]
[ 0.519230769229552]
[0.0333086693845805]
[ 0.634615384614047]
[0.0333086693845805]
B25=[ 0.288461538460816]
[0.0333086693845319]
[ 0.403846153845142]
[0.0333086693845319]
[ 0.519230769229468]
[0.0333086693845319]
[ 0.634615384613795]
[0.0333086693845319]
B26=[ 0.288461538460872]
[0.0333086693845319]
[ 0.403846153845198]
[0.0333086693845319]
[ 0.519230769229524]
[0.0333086693845319]
[ 0.634615384613851]
[0.0333086693845319]
B27=[0.288461538460851]
[0.033308669384536]
[0.403846153845191]
[0.033308669384536]
[0.519230769229531]
[0.033308669384536]
[0.634615384613872]
[0.033308669384536]
B28=[0.288461538460846]
[0.033308669384536]
[0.403846153845186]
[0.033308669384536]
[0.519230769229527]
[0.033308669384536]
[0.634615384613867]
[0.033308669384536]
B29=[ 0.288461538460848]
[0.0333086693845356]
[ 0.403846153845187]
[0.0333086693845356]
[ 0.519230769229526]
[0.0333086693845356]
[ 0.634615384613865]
[0.0333086693845356]
B30=[ 0.288461538460848]
[0.0333086693845356]
[ 0.403846153845187]
[0.0333086693845356]
[ 0.519230769229526]
[0.0333086693845356]
[ 0.634615384613866]
[0.0333086693845356]
B31=[ 0.288461538460848]
[0.0333086693845357]
[ 0.403846153845187]
[0.0333086693845357]
[ 0.519230769229527]
[0.0333086693845357]
[ 0.634615384613866]
[0.0333086693845357]
B32=[ 0.288461538460848]
[0.0333086693845357]
[ 0.403846153845187]
[0.0333086693845357]
[ 0.519230769229526]
[0.0333086693845357]
[ 0.634615384613866]
[0.0333086693845357]
B33=[ 0.288461538460848]
[0.0333086693845357]
[ 0.403846153845187]
[0.0333086693845357]
[ 0.519230769229526]
[0.0333086693845357]
[ 0.634615384613866]
[0.0333086693845357]
